# File generated by CMD 3.8 (http://stev.oapd.inaf.it/cmd) on Fri Aug  1 23:42:45 UTC 2025
# isochrones based on PARSEC release v1.2S +  COLIBRI S_37 + S_35 + PR16
# Basic references: Bressan et al. (2012), MNRAS, 427, 127 + Chen et al. (2014, 2015), MNRAS, 444, 2525 + MNRAS, 452, 1068 + Tang et al. (2014), MNRAS, 445, 4287 + Marigo et al. (2017), ApJ, 835, 77 + Pastorelli al. (2019), MNRAS, 485, 5666 + Pastorelli al. (2020), MNRAS, in press
# Thermal pulse cycles included 
# On RGB, assumed Reimers mass loss with efficiency eta=0.2
# LPV periods and growth rates added cf. Trabucchi et al. (2019)
# but fundamental-mode LPV periods + transition are from Trabucchi et al. (2021)
# Photometric system: Gaia EDR3 (all Vegamags, Gaia passbands from ESA/Gaia website)
# Using YBC version of bolometric corrections as in Chen et al. (2019)
# O-rich circumstellar dpmod60alox40 dust from Groenewegen (2006)
# C-rich circumstellar AMCSIC15 dust from Groenewegen (2006)
# IMF: Kroupa (2001, 2002) + Kroupa et al. (2013) canonical two-part-power law IMF corrected for unresolved binaries 
# Kind of output: isochrone tables
# Zini     MH   logAge Mini        int_IMF         Mass   logL    logTe  logg  label   McoreTP C_O  period0  period1  period2  period3  period4  pmode  Mloss  tau1m   X   Y   Xc  Xn  Xo  Cexcess  Z 	 mbolmag  Gmag    G_BPmag  G_RPmag
0.0152 0.01508 7.87506 0.0900000036 1.0816895926    0.090 -2.664  3.4030  4.620    0  0.000  0.545     0.00     0.00     0.00     0.00     0.00 -1  -4.5e-16      0.00 7.092e-01 2.755e-01 2.746e-03 7.408e-04 6.719e-03 -1.000 1.527e-02 11.430 13.478 16.224 12.004
0.0152 0.01508 7.87506 0.0926238000 1.1063584452    0.093 -2.644  3.4057  4.623    0  0.000  0.545     0.00     0.00     0.00     0.00     0.00 -1 -4.64e-16      0.00 7.092e-01 2.755e-01 2.746e-03 7.408e-04 6.719e-03 -1.000 1.527e-02 11.379 13.427 16.173 11.953
0.0152 0.01508 7.87506 0.1000000015 1.1711064122    0.100 -2.586  3.4133  4.629    0  0.000  0.545     0.00     0.00     0.00     0.00     0.00 -1 -5.07e-16      0.00 7.092e-01 2.755e-01 2.746e-03 7.408e-04 6.719e-03 -1.000 1.527e-02 11.235 13.282 16.031 11.808
0.0152 0.01508 7.87506 0.1108952612 1.2561668822    0.111 -2.512  3.4226  4.637    0  0.000  0.545     0.00     0.00     0.00     0.00     0.00 -1 -5.65e-16      0.00 7.092e-01 2.755e-01 2.746e-03 7.408e-04 6.719e-03 -1.000 1.527e-02 11.049 13.021 15.675 11.564
0.0152 0.01508 7.87506 0.1200000122 1.3193155232    0.120 -2.453  3.4303  4.643    0  0.000  0.545     0.00     0.00     0.00     0.00     0.00 -1 -6.17e-16      0.00 7.092e-01 2.755e-01 2.746e-03 7.408e-04 6.719e-03 -1.000 1.527e-02 10.903 12.761 15.273 11.330
0.0152 0.01508 7.87506 0.1377914250 1.4264164499    0.138 -2.359  3.4411  4.653    0  0.000  0.545     0.00     0.00     0.00     0.00     0.00 -1 -7.06e-16      0.00 7.092e-01 2.755e-01 2.746e-03 7.408e-04 6.719e-03 -1.000 1.527e-02 10.668 12.386 14.731 10.988
0.0152 0.01508 7.87506 0.1400000006 1.4384526719    0.140 -2.348  3.4424  4.654    0  0.000  0.545     0.00     0.00     0.00     0.00     0.00 -1 -7.18e-16      0.00 7.092e-01 2.755e-01 2.746e-03 7.408e-04 6.719e-03 -1.000 1.527e-02 10.641 12.343 14.669 10.948
0.0152 0.01508 7.87506 0.1599999964 1.5372931554    0.160 -2.257  3.4528  4.662    0  0.000  0.545     0.00     0.00     0.00     0.00     0.00 -1 -8.22e-16      0.00 7.092e-01 2.755e-01 2.746e-03 7.408e-04 6.719e-03 -1.000 1.527e-02 10.412 11.982 14.149 10.621
0.0152 0.01508 7.87506 0.2000000030 1.6938790862    0.200 -2.106  3.4695  4.675    0  0.000  0.545     0.00     0.00     0.00     0.00     0.00 -1 -1.02e-15      0.00 7.092e-01 2.755e-01 2.746e-03 7.408e-04 6.719e-03 -1.000 1.527e-02 10.036 11.409 13.335 10.101
0.0152 0.01508 7.87506 0.2500000000 1.8403257998    0.250 -1.959  3.4846  4.685    0  0.000  0.545     0.00     0.00     0.00     0.00     0.00 -1 -1.27e-15      0.00 7.092e-01 2.755e-01 2.746e-03 7.408e-04 6.719e-03 -1.000 1.527e-02 9.666 10.876 12.603 9.619
0.0152 0.01508 7.87506 0.2900874913 1.9326253542    0.290 -1.861  3.4941  4.690    0  0.000  0.545     0.00     0.00     0.00     0.00     0.00 -1 -1.47e-15      0.00 7.092e-01 2.755e-01 2.746e-03 7.408e-04 6.719e-03 -1.000 1.527e-02 9.424 10.539 12.152 9.313
0.0152 0.01508 7.87506 0.3000000119 1.9529139769    0.300 -1.840  3.4962  4.691    0  0.000  0.545     0.00     0.00     0.00     0.00     0.00 -1 -1.52e-15      0.00 7.092e-01 2.755e-01 2.746e-03 7.408e-04 6.719e-03 -1.000 1.527e-02 9.369 10.466 12.057 9.246
0.0152 0.01508 7.87506 0.3133101463 1.9788258562    0.313 -1.809  3.4990  4.691    0  0.000  0.545     0.00     0.00     0.00     0.00     0.00 -1 -1.59e-15      0.00 7.092e-01 2.755e-01 2.746e-03 7.408e-04 6.719e-03 -1.000 1.527e-02 9.293 10.366 11.930 9.154
0.0152 0.01508 7.87506 0.3500000238 2.0434175133    0.350 -1.732  3.5059  4.690    0  0.000  0.545     0.00     0.00     0.00     0.00     0.00 -1  -1.8e-15      0.00 7.092e-01 2.755e-01 2.746e-03 7.408e-04 6.719e-03 -1.000 1.527e-02 9.100 10.115 11.614 8.924
0.0152 0.01508 7.87506 0.3980931044 2.1158669667    0.398 -1.633  3.5154  4.684    0  0.000  0.545     0.00     0.00     0.00     0.00     0.00 -1 -2.12e-15      0.00 7.092e-01 2.755e-01 2.746e-03 7.408e-04 6.719e-03 -1.000 1.527e-02 8.853 9.795 11.210 8.631
0.0152 0.01508 7.87506 0.4000000358 2.1185024810    0.400 -1.630  3.5157  4.684    0  0.000  0.545     0.00     0.00     0.00     0.00     0.00 -1 -2.13e-15      0.00 7.092e-01 2.755e-01 2.746e-03 7.408e-04 6.719e-03 -1.000 1.527e-02 8.844 9.783 11.196 8.620
0.0152 0.01508 7.87506 0.4403280914 2.1706845641    0.440 -1.545  3.5244  4.676    0  0.000  0.545     0.00     0.00     0.00     0.00     0.00 -1  -2.5e-15      0.00 7.092e-01 2.755e-01 2.746e-03 7.408e-04 6.719e-03 -1.000 1.527e-02 8.634 9.510 10.851 8.372
0.0152 0.01508 7.87506 0.4500000477 2.1822809714    0.450 -1.528  3.5262  4.676    0  0.000  0.545     0.00     0.00     0.00     0.00     0.00 -1 -2.58e-15      0.00 7.092e-01 2.755e-01 2.746e-03 7.408e-04 6.719e-03 -1.000 1.527e-02 8.589 9.452 10.779 8.319
0.0152 0.01508 7.87506 0.4511893690 2.1836845521    0.451 -1.524  3.5266  4.675    0  0.000  0.545     0.00     0.00     0.00     0.00     0.00 -1 -2.59e-15      0.00 7.092e-01 2.755e-01 2.746e-03 7.408e-04 6.719e-03 -1.000 1.527e-02 8.581 9.442 10.766 8.310
0.0152 0.01508 7.87506 0.5000000000 2.2374541529    0.500 -1.412  3.5385  4.655    0  0.000  0.545     0.00     0.00     0.00     0.00     0.00 -1 -3.27e-15      0.00 7.092e-01 2.755e-01 2.746e-03 7.408e-04 6.719e-03 -1.000 1.527e-02 8.299 9.081 10.319 7.982
0.0152 0.01508 7.87506 0.5277547240 2.2643441411    0.528 -1.343  3.5471  4.644    0  0.000  0.545     0.00     0.00     0.00     0.00     0.00 -1 -3.75e-15      0.00 7.092e-01 2.755e-01 2.746e-03 7.408e-04 6.718e-03 -1.000 1.527e-02 8.128 8.854 10.034 7.780
0.0152 0.01508 7.87506 0.5382567644 2.2736911655    0.538 -1.311  3.5513  4.637    0  0.000  0.545     0.00     0.00     0.00     0.00     0.00 -1 -4.02e-15      0.00 7.092e-01 2.755e-01 2.746e-03 7.408e-04 6.718e-03 -1.000 1.527e-02 8.049 8.748 9.901 7.686
0.0152 0.01508 7.87506 0.5500000119 2.2836582633    0.550 -1.275  3.5563  4.631    0  0.000  0.545     0.00     0.00     0.00     0.00     0.00 -1 -4.35e-15      0.00 7.092e-01 2.755e-01 2.746e-03 7.407e-04 6.718e-03 -1.000 1.527e-02 7.959 8.627 9.747 7.579
0.0152 0.01508 7.87506 0.5670275688 2.2972705710    0.567 -1.219  3.5652  4.623    0  0.000  0.545     0.00     0.00     0.00     0.00     0.00 -1 -4.93e-15      0.00 7.092e-01 2.755e-01 2.746e-03 7.407e-04 6.718e-03 -1.000 1.527e-02 7.816 8.428 9.492 7.407
0.0152 0.01508 7.87506 0.6000000238 2.3211213258    0.600 -1.097  3.5857  4.608    0  0.000  0.545     0.00     0.00     0.00     0.00     0.00 -1 -6.44e-15      0.00 7.092e-01 2.755e-01 2.745e-03 7.407e-04 6.718e-03 -1.000 1.527e-02 7.512 8.002 8.950 7.041
0.0152 0.01508 7.87506 0.6069253087 2.3257535493    0.607 -1.067  3.5916  4.607    0  0.000  0.545     0.00     0.00     0.00     0.00     0.00 -1 -6.86e-15      0.00 7.092e-01 2.755e-01 2.745e-03 7.407e-04 6.717e-03 -1.000 1.527e-02 7.439 7.897 8.815 6.952
0.0152 0.01508 7.87506 0.6269768476 2.3385045965    0.627 -0.982  3.6094  4.607    0  0.000  0.545     0.00     0.00     0.00     0.00     0.00 -1 -8.22e-15      0.00 7.092e-01 2.755e-01 2.745e-03 7.406e-04 6.717e-03 -1.000 1.527e-02 7.225 7.593 8.429 6.697
0.0152 0.01508 7.87506 0.6499999762 2.3520353107    0.650 -0.887  3.6304  4.611    0  0.000  0.545     0.00     0.00     0.00     0.00     0.00 -1    -1e-14      0.00 7.092e-01 2.755e-01 2.745e-03 7.406e-04 6.717e-03 -1.000 1.527e-02 6.987 7.252 7.994 6.414
0.0152 0.01508 7.87506 0.6509857178 2.3525901093    0.651 -0.883  3.6313  4.612    0  0.000  0.545     0.00     0.00     0.00     0.00     0.00 -1 -1.01e-14      0.00 7.092e-01 2.755e-01 2.745e-03 7.406e-04 6.717e-03 -1.000 1.527e-02 6.977 7.237 7.975 6.402
0.0152 0.01508 7.87506 0.6579355597 2.3564474501    0.658 -0.859  3.6368  4.615    0  0.000  0.545     0.00     0.00     0.00     0.00     0.00 -1 -1.06e-14      0.00 7.092e-01 2.755e-01 2.745e-03 7.406e-04 6.717e-03 -1.000 1.527e-02 6.918 7.152 7.864 6.333
0.0152 0.01508 7.87506 0.7000000477 2.3779267258    0.700 -0.750  3.6636  4.639    0  0.000  0.545     0.00     0.00     0.00     0.00     0.00 -1 -1.29e-14      0.00 7.093e-01 2.754e-01 2.745e-03 7.406e-04 6.717e-03 -1.000 1.527e-02 6.645 6.752 7.353 6.010
0.0152 0.01508 7.87506 0.7007877231 2.3783007414    0.701 -0.749  3.6640  4.640    0  0.000  0.545     0.00     0.00     0.00     0.00     0.00 -1 -1.29e-14      0.00 7.093e-01 2.754e-01 2.745e-03 7.406e-04 6.717e-03 -1.000 1.527e-02 6.642 6.747 7.347 6.007
0.0152 0.01508 7.87506 0.7296457291 2.3913658512    0.730 -0.716  3.6723  4.658    0  0.000  0.541     0.00     0.00     0.00     0.00     0.00 -1 -1.34e-14      0.00 7.093e-01 2.754e-01 2.723e-03 7.399e-04 6.716e-03 -1.000 1.527e-02 6.560 6.631 7.202 5.914
0.0152 0.01508 7.87506 0.7500000000 2.3998889087    0.750 -0.676  3.6799  4.661    0  0.000  0.538     0.00     0.00     0.00     0.00     0.00 -1 -1.44e-14      0.00 7.093e-01 2.754e-01 2.708e-03 7.395e-04 6.717e-03 -1.000 1.527e-02 6.461 6.503 7.048 5.806
0.0152 0.01508 7.87506 0.8000000119 2.4187244405    0.800 -0.565  3.6968  4.645    0  0.000  0.538     0.00     0.00     0.00     0.00     0.00 -1 -1.83e-14      0.00 7.093e-01 2.754e-01 2.708e-03 7.394e-04 6.716e-03 -1.000 1.527e-02 6.182 6.173 6.666 5.518
0.0152 0.01508 7.87506 0.8046394587 2.4203362040    0.804 -0.555  3.6983  4.644    0  0.000  0.538     0.00     0.00     0.00     0.00     0.00 -1 -1.87e-14      0.00 7.093e-01 2.754e-01 2.708e-03 7.394e-04 6.716e-03 -1.000 1.527e-02 6.157 6.143 6.632 5.492
0.0152 0.01508 7.87506 0.8340275884 2.4300685767    0.834 -0.492  3.7076  4.634    0  0.000  0.538     0.00     0.00     0.00     0.00     0.00 -1 -2.14e-14      0.00 7.094e-01 2.753e-01 2.708e-03 7.394e-04 6.715e-03 -1.000 1.527e-02 6.001 5.962 6.426 5.334
0.0152 0.01508 7.87506 0.8500000238 2.4350346840    0.850 -0.455  3.7133  4.627    0  0.000  0.538     0.00     0.00     0.00     0.00     0.00 -1 -2.33e-14      0.00 7.094e-01 2.753e-01 2.708e-03 7.393e-04 6.715e-03 -1.000 1.526e-02 5.906 5.855 6.304 5.240
0.0152 0.01508 7.87506 0.8913642764 2.4469495129    0.891 -0.360  3.7267  4.606    0  0.000  0.538     0.00     0.00     0.00     0.00     0.00 -1 -2.89e-14      0.00 7.094e-01 2.753e-01 2.707e-03 7.393e-04 6.714e-03 -1.000 1.526e-02 5.669 5.590 6.007 5.005
0.0152 0.01508 7.87506 0.9000000358 2.4492786175    0.899 -0.340  3.7296  4.603    0  0.000  0.538     0.00     0.00     0.00     0.00     0.00 -1 -3.02e-14      0.00 7.094e-01 2.753e-01 2.707e-03 7.392e-04 6.714e-03 -1.000 1.527e-02 5.621 5.537 5.947 4.958
0.0152 0.01508 7.87506 0.9500000477 2.4618122009    0.950 -0.232  3.7445  4.578    0  0.000  0.538     0.00     0.00     0.00     0.00     0.00 -1 -3.88e-14      0.00 7.095e-01 2.752e-01 2.707e-03 7.391e-04 6.713e-03 -1.000 1.527e-02 5.351 5.245 5.620 4.701
0.0152 0.01508 7.87506 0.9911921024 2.4710528397    0.991 -0.143  3.7560  4.553    0  0.000  0.538     0.00     0.00     0.00     0.00     0.00 -1 -4.81e-14      0.00 7.096e-01 2.752e-01 2.707e-03 7.389e-04 6.712e-03 -1.000 1.527e-02 5.127 5.010 5.358 4.493
0.0152 0.01508 7.87506 1.0000000000 2.4729154477    1.000 -0.125  3.7583  4.548    0  0.000  0.538     0.00     0.00     0.00     0.00     0.00 -1 -5.02e-14      0.00 7.096e-01 2.752e-01 2.707e-03 7.389e-04 6.711e-03 -1.000 1.527e-02 5.082 4.963 5.306 4.451
0.0152 0.01508 7.87506 1.0115860701 2.4753088421    1.012 -0.102  3.7611  4.541    0  0.000  0.538     0.00     0.00     0.00     0.00     0.00 -1 -5.21e-14      0.00 7.096e-01 2.751e-01 2.706e-03 7.388e-04 6.711e-03 -1.000 1.526e-02 5.025 4.904 5.241 4.399
0.0152 0.01508 7.87506 1.0499999523 2.4828114860    1.050 -0.029  3.7701  4.520    0  0.000  0.538     0.00     0.00     0.00     0.00     0.00 -1 -5.87e-14      0.00 7.097e-01 2.751e-01 2.705e-03 7.387e-04 6.710e-03 -1.000 1.524e-02 4.841 4.716 5.033 4.233
0.0152 0.01508 7.87506 1.1000000238 2.4916801480    1.099  0.070  3.7813  4.487    0  0.000  0.538     0.00     0.00     0.00     0.00     0.00 -1 -6.88e-14      0.00 7.098e-01 2.749e-01 2.704e-03 7.383e-04 6.706e-03 -1.000 1.527e-02 4.596 4.467 4.759 4.011
0.0152 0.01508 7.87506 1.1317261457 2.4968425600    1.131  0.136  3.7892  4.464    0  0.000  0.538     0.00     0.00     0.00     0.00     0.00 -1 -7.67e-14      0.00 7.100e-01 2.748e-01 2.702e-03 7.380e-04 6.703e-03 -1.000 1.521e-02 4.429 4.300 4.575 3.863
0.0152 0.01508 7.87506 1.1499999762 2.4996678137    1.149  0.170  3.7930  4.453    0  0.000  0.538     0.00     0.00     0.00     0.00     0.00 -1 -8.07e-14      0.00 7.101e-01 2.747e-01 2.702e-03 7.378e-04 6.701e-03 -1.000 1.516e-02 4.346 4.218 4.485 3.790
0.0152 0.01508 7.87506 1.2000000477 2.5068948796    1.200  0.259  3.8028  4.421    0  0.000  0.538     0.00     0.00     0.00     0.00     0.00 -1 -9.13e-14      0.00 7.102e-01 2.746e-01 2.702e-03 7.377e-04 6.701e-03 -1.000 1.524e-02 4.121 3.994 4.242 3.590
0.0152 0.01508 7.87506 1.2500000000 2.5134610955    1.250  0.346  3.8125  4.391    0  0.000  0.538     0.00     0.00     0.00     0.00     0.00 -1 -1.02e-13      0.00 7.102e-01 2.746e-01 2.702e-03 7.377e-04 6.701e-03 -1.000 1.524e-02 3.906 3.781 4.010 3.401
0.0152 0.01508 7.87506 1.2999999523 2.5194498592    1.300  0.427  3.8216  4.363    0  0.000  0.538     0.00     0.00     0.00     0.00     0.00 -1 -1.11e-13      0.00 7.102e-01 2.745e-01 2.701e-03 7.376e-04 6.700e-03 -1.000 1.523e-02 3.702 3.579 3.792 3.220
0.0152 0.01508 7.87506 1.3500001431 2.5249313723    1.350  0.504  3.8311  4.341    0  0.000  0.538     0.00     0.00     0.00     0.00     0.00 -1 -1.17e-13      0.00 7.103e-01 2.745e-01 2.701e-03 7.376e-04 6.700e-03 -1.000 1.520e-02 3.510 3.388 3.585 3.051
0.0152 0.01508 7.87506 1.4000000954 2.5299650415    1.400  0.577  3.8407  4.322    0  0.000  0.538     0.00     0.00     0.00     0.00     0.00 -1 -1.19e-13      0.00 7.103e-01 2.745e-01 2.701e-03 7.376e-04 6.699e-03 -1.000 1.517e-02 3.328 3.209 3.390 2.895
0.0152 0.01508 7.87506 1.4500000477 2.5346015836    1.450  0.645  3.8515  4.312    0  0.000  0.538     0.00     0.00     0.00     0.00     0.00 -1 -1.15e-13      0.00 7.103e-01 2.745e-01 2.701e-03 7.375e-04 6.699e-03 -1.000 1.524e-02 3.157 3.043 3.206 2.754
0.0152 0.01508 7.87506 1.5000000000 2.5388844597    1.500  0.711  3.8636  4.310    0  0.000  0.538     0.00     0.00     0.00     0.00     0.00 -1 -1.06e-13      0.00 7.104e-01 2.744e-01 2.700e-03 7.374e-04 6.698e-03 -1.000 1.523e-02 2.993 2.884 3.029 2.625
0.0152 0.01508 7.87506 1.5499999523 2.5428511323    1.550  0.773  3.8769  4.314    1  0.000  0.538     0.00     0.00     0.00     0.00     0.00 -1 -8.96e-14      0.00 7.104e-01 2.743e-01 2.700e-03 7.373e-04 6.697e-03 -1.000 1.524e-02 2.837 2.736 2.861 2.509
0.0152 0.01508 7.87506 1.6000000238 2.5465340628    1.600  0.834  3.8901  4.320    1  0.000  0.538     0.00     0.00     0.00     0.00     0.00 -1 -6.73e-14      0.00 7.105e-01 2.743e-01 2.700e-03 7.372e-04 6.696e-03 -1.000 1.523e-02 2.684 2.594 2.699 2.399
0.0152 0.01508 7.87506 1.6500000954 2.5499614852    1.649  0.892  3.9026  4.326    0  0.000  0.538     0.00     0.00     0.00     0.00     0.00 -1 -3.76e-14      0.00 7.105e-01 2.743e-01 2.699e-03 7.371e-04 6.695e-03 -1.000 1.522e-02 2.540 2.463 2.550 2.299
0.0152 0.01508 7.87506 1.7000000477 2.5531580802    1.699  0.948  3.9145  4.330    1  0.000  0.538     0.00     0.00     0.00     0.00     0.00 -1    -1e-30      0.00 7.105e-01 2.742e-01 2.699e-03 7.370e-04 6.695e-03 -1.000 1.521e-02 2.400 2.339 2.410 2.206
0.0152 0.01508 7.87506 1.7500000000 2.5561455243    1.749  1.002  3.9258  4.334    1  0.000  0.537     0.00     0.00     0.00     0.00     0.00 -1    -1e-30      0.00 7.106e-01 2.742e-01 2.698e-03 7.370e-04 6.694e-03 -1.000 1.523e-02 2.266 2.224 2.280 2.118
0.0152 0.01508 7.87506 1.7999999523 2.5589429085    1.799  1.054  3.9364  4.337    1  0.000  0.538     0.00     0.00     0.00     0.00     0.00 -1    -1e-30      0.00 7.106e-01 2.742e-01 2.698e-03 7.369e-04 6.694e-03 -1.000 1.520e-02 2.136 2.117 2.160 2.036
0.0152 0.01508 7.87506 1.8500000238 2.5615671203    1.849  1.103  3.9463  4.339    1  0.000  0.538     0.00     0.00     0.00     0.00     0.00 -1    -1e-30      0.00 7.107e-01 2.741e-01 2.698e-03 7.368e-04 6.692e-03 -1.000 1.520e-02 2.013 2.020 2.052 1.959
0.0152 0.01508 7.87506 1.9000000954 2.5640331317    1.899  1.151  3.9556  4.340    1  0.000  0.538     0.00     0.00     0.00     0.00     0.00 -1    -1e-30      0.00 7.107e-01 2.741e-01 2.698e-03 7.367e-04 6.692e-03 -1.000 1.519e-02 1.893 1.929 1.952 1.885
0.0152 0.01508 7.87506 1.9500001669 2.5663542767    1.950  1.197  3.9646  4.341    1  0.000  0.538     0.00     0.00     0.00     0.00     0.00 -1    -1e-30      0.00 7.107e-01 2.741e-01 2.698e-03 7.367e-04 6.691e-03 -1.000 1.518e-02 1.777 1.844 1.859 1.815
0.0152 0.01508 7.87506 1.9707903862 2.5672796434    1.971  1.216  3.9682  4.341    1  0.000  0.538     0.00     0.00     0.00     0.00     0.00 -1    -1e-30      0.00 7.107e-01 2.741e-01 2.698e-03 7.367e-04 6.691e-03 -1.000 1.521e-02 1.730 1.809 1.822 1.786
0.0152 0.01508 7.87506 2.0000000000 2.5685424513    2.000  1.242  3.9730  4.341    1  0.000  0.537     0.00     0.00     0.00     0.00     0.00 -1    -1e-30      0.00 7.107e-01 2.741e-01 2.697e-03 7.366e-04 6.691e-03 -1.000 1.524e-02 1.664 1.762 1.771 1.747
0.0152 0.01508 7.87506 2.0499999523 2.5706083333    2.050  1.286  3.9811  4.340    1  0.000  0.538     0.00     0.00     0.00     0.00     0.00 -1    -1e-30      0.00 7.107e-01 2.740e-01 2.697e-03 7.366e-04 6.691e-03 -1.000 1.523e-02 1.555 1.686 1.689 1.682
0.0152 0.01508 7.87506 2.0999999046 2.5725614918    2.099  1.329  3.9886  4.338    1  0.000  0.538     0.00     0.00     0.00     0.00     0.00 -1    -1e-30      0.00 7.108e-01 2.740e-01 2.697e-03 7.365e-04 6.690e-03 -1.000 1.518e-02 1.448 1.612 1.610 1.617
0.0152 0.01508 7.87506 2.1500000954 2.5744105556    2.149  1.370  3.9959  4.336    1  0.000  0.537     0.00     0.00     0.00     0.00     0.00 -1    -1e-30      0.00 7.108e-01 2.740e-01 2.697e-03 7.365e-04 6.690e-03 -1.000 1.519e-02 1.345 1.541 1.535 1.555
0.0152 0.01508 7.87506 2.2000000477 2.5761632879    2.199  1.411  4.0029  4.333    1  0.000  0.538     0.00     0.00     0.00     0.00     0.00 -1    -1e-30      0.00 7.108e-01 2.740e-01 2.697e-03 7.365e-04 6.690e-03 -1.000 1.524e-02 1.243 1.472 1.461 1.493
0.0152 0.01508 7.87506 2.2500000000 2.5778267375    2.249  1.450  4.0096  4.330    1  0.000  0.538     0.00     0.00     0.00     0.00     0.00 -1    -1e-30      0.00 7.108e-01 2.740e-01 2.697e-03 7.364e-04 6.689e-03 -1.000 1.523e-02 1.145 1.404 1.390 1.432
0.0152 0.01508 7.87506 2.2999999523 2.5794072884    2.299  1.489  4.0161  4.327    1  0.000  0.538     0.00     0.00     0.00     0.00     0.00 -1    -1e-30      0.00 7.108e-01 2.740e-01 2.697e-03 7.364e-04 6.689e-03 -1.000 1.522e-02 1.048 1.339 1.321 1.373
0.0152 0.01508 7.87506 2.4000000954 2.5823423892    2.399  1.563  4.0284  4.320    1  0.000  0.538     0.00     0.00     0.00     0.00     0.00 -1    -1e-30      0.00 7.109e-01 2.739e-01 2.696e-03 7.364e-04 6.689e-03 -1.000 1.520e-02 0.862 1.212 1.188 1.257
0.0152 0.01508 7.87506 2.5999999046 2.5874412955    2.600  1.704  4.0512  4.306    1  0.000  0.538     0.00     0.00     0.00     0.00     0.00 -1    -1e-30      0.00 7.092e-01 2.755e-01 2.710e-03 7.399e-04 6.720e-03 -1.000 1.527e-02 0.510 0.973 0.940 1.036
0.0152 0.01508 7.87506 2.7900445461 2.5915158054    2.790  1.829  4.0706  4.289    1  0.000  0.538     0.00     0.00     0.00     0.00     0.00 -1    -1e-30      0.00 7.092e-01 2.755e-01 2.710e-03 7.399e-04 6.720e-03 -1.000 1.527e-02 0.198 0.760 0.720 0.836
0.0152 0.01508 7.87506 2.8000001907 2.5917117867    2.800  1.835  4.0715  4.288    1  0.000  0.538     0.00     0.00     0.00     0.00     0.00 -1    -1e-30      0.00 7.092e-01 2.755e-01 2.710e-03 7.399e-04 6.720e-03 -1.000 1.527e-02 0.182 0.749 0.709 0.826
0.0152 0.01508 7.87506 2.9399218559 2.5943055269    2.940  1.922  4.0847  4.275    1  0.000  0.538     0.00     0.00     0.00     0.00     0.00 -1    -1e-30      0.00 7.092e-01 2.755e-01 2.710e-03 7.399e-04 6.720e-03 -1.000 1.527e-02 -0.034 0.602 0.556 0.686
0.0152 0.01508 7.87506 3.0000000000 2.5953341962    3.000  1.958  4.0901  4.270    1  0.000  0.538     0.00     0.00     0.00     0.00     0.00 -1    -1e-30      0.00 7.092e-01 2.755e-01 2.710e-03 7.399e-04 6.720e-03 -1.000 1.527e-02 -0.125 0.539 0.492 0.628
0.0152 0.01508 7.87506 3.2000000477 2.5984409005    3.199  2.074  4.1072  4.250    1  0.000  0.538     0.00     0.00     0.00     0.00     0.00 -1    -1e-30      0.00 7.092e-01 2.755e-01 2.710e-03 7.399e-04 6.720e-03 -1.000 1.527e-02 -0.415 0.340 0.288 0.438
0.0152 0.01508 7.87506 3.2330236435 2.5989115339    3.232  2.093  4.1098  4.246    1  0.000  0.538     0.00     0.00     0.00     0.00     0.00 -1    -1e-30      0.00 7.092e-01 2.755e-01 2.710e-03 7.399e-04 6.720e-03 -1.000 1.527e-02 -0.462 0.308 0.255 0.408
0.0152 0.01508 7.87506 3.4000000954 2.6011310876    3.398  2.185  4.1228  4.228    1  0.000  0.538     0.00     0.00     0.00     0.00     0.00 -1    -1e-30      0.00 7.092e-01 2.755e-01 2.710e-03 7.399e-04 6.720e-03 -1.000 1.527e-02 -0.692 0.150 0.092 0.257
0.0152 0.01508 7.87506 3.6000001431 2.6034804607    3.598  2.291  4.1371  4.204    1  0.000  0.538     0.00     0.00     0.00     0.00     0.00 -1    -1e-30      0.00 7.092e-01 2.755e-01 2.710e-03 7.399e-04 6.720e-03 -1.000 1.527e-02 -0.957 -0.035 -0.097 0.080
0.0152 0.01508 7.87506 3.6334986687 2.6038449920    3.631  2.308  4.1394  4.200    1  0.000  0.538     0.00     0.00     0.00     0.00     0.00 -1    -1e-30      0.00 7.092e-01 2.755e-01 2.710e-03 7.399e-04 6.720e-03 -1.000 1.527e-02 -1.000 -0.065 -0.128 0.051
0.0152 0.01508 7.87506 3.8000001907 2.6055477311    3.798  2.393  4.1501  4.177    1  0.000  0.538     0.00     0.00     0.00     0.00     0.00 -1    -1e-30      0.00 7.092e-01 2.755e-01 2.710e-03 7.399e-04 6.720e-03 -1.000 1.527e-02 -1.212 -0.217 -0.283 -0.095
0.0152 0.01508 7.87506 3.8376929760 2.6059096883    3.836  2.412  4.1524  4.172    1  0.000  0.538     0.00     0.00     0.00     0.00     0.00 -1    -1e-30      0.00 7.092e-01 2.755e-01 2.710e-03 7.399e-04 6.720e-03 -1.000 1.527e-02 -1.259 -0.251 -0.318 -0.127
0.0152 0.01508 7.87506 4.0000000000 2.6073790840    4.001  2.492  4.1619  4.148    1  0.000  0.538     0.00     0.00     0.00     0.00     0.00 -1    -1e-30      0.00 7.092e-01 2.755e-01 2.710e-03 7.399e-04 6.720e-03 -1.000 1.527e-02 -1.459 -0.397 -0.467 -0.268
0.0152 0.01508 7.87506 4.0296006203 2.6076324282    4.030  2.506  4.1636  4.144    1  0.000  0.538     0.00     0.00     0.00     0.00     0.00 -1    -1e-30      0.00 7.092e-01 2.755e-01 2.710e-03 7.399e-04 6.720e-03 -1.000 1.527e-02 -1.495 -0.423 -0.494 -0.293
0.0152 0.01508 7.87506 4.1353645325 2.6085036595    4.134  2.557  4.1692  4.126    1  0.000  0.538     0.00     0.00     0.00     0.00     0.00 -1    -1e-30      0.00 7.092e-01 2.755e-01 2.710e-03 7.399e-04 6.720e-03 -1.000 1.527e-02 -1.623 -0.518 -0.591 -0.385
0.0152 0.01508 7.87506 4.1999998093 2.6090113217    4.198  2.588  4.1725  4.115    1  0.000  0.538     0.00     0.00     0.00     0.00     0.00 -1    -1e-30      0.00 7.092e-01 2.755e-01 2.710e-03 7.399e-04 6.720e-03 -1.000 1.527e-02 -1.700 -0.578 -0.651 -0.443
0.0152 0.01508 7.87506 4.2791504860 2.6096090322    4.277  2.625  4.1763  4.101    1  0.000  0.538     0.00     0.00     0.00     0.00     0.00 -1    -1e-30      0.00 7.092e-01 2.755e-01 2.710e-03 7.399e-04 6.720e-03 -1.000 1.527e-02 -1.794 -0.649 -0.723 -0.512
0.0152 0.01508 7.87506 4.4000000954 2.6104741055    4.397  2.683  4.1815  4.076    1  0.000  0.538     0.00     0.00     0.00     0.00     0.00 -1    -1e-30      0.00 7.092e-01 2.755e-01 2.710e-03 7.399e-04 6.720e-03 -1.000 1.527e-02 -1.937 -0.762 -0.838 -0.622
0.0152 0.01508 7.87506 4.4186286926 2.6106026220    4.416  2.691  4.1823  4.073    1  0.000  0.538     0.00     0.00     0.00     0.00     0.00 -1    -1e-30      0.00 7.092e-01 2.755e-01 2.710e-03 7.399e-04 6.720e-03 -1.000 1.527e-02 -1.958 -0.779 -0.856 -0.639
0.0152 0.01508 7.87506 4.5404415131 2.6114131883    4.538  2.749  4.1869  4.046    1  0.000  0.538     0.00     0.00     0.00     0.00     0.00 -1    -1e-30      0.00 7.092e-01 2.755e-01 2.710e-03 7.399e-04 6.720e-03 -1.000 1.527e-02 -2.101 -0.896 -0.974 -0.753
0.0152 0.01508 7.87506 4.5999999046 2.6117915791    4.597  2.777  4.1888  4.031    1  0.000  0.538     0.00     0.00     0.00     0.00     0.00 -1    -1e-30      0.00 7.092e-01 2.755e-01 2.710e-03 7.399e-04 6.720e-03 -1.000 1.527e-02 -2.171 -0.954 -1.033 -0.810
0.0152 0.01508 7.87506 4.6641016006 2.6121864426    4.662  2.806  4.1909  4.016    1  0.000  0.538     0.00     0.00     0.00     0.00     0.00 -1    -1e-30      0.00 7.092e-01 2.755e-01 2.710e-03 7.399e-04 6.720e-03 -1.000 1.527e-02 -2.246 -1.017 -1.096 -0.872
0.0152 0.01508 7.87506 4.7762923241 2.6128482872    4.774  2.859  4.1937  3.985    1  0.000  0.538     0.00     0.00     0.00     0.00     0.00 -1    -1e-30      0.00 7.092e-01 2.755e-01 2.710e-03 7.399e-04 6.720e-03 -1.000 1.527e-02 -2.377 -1.132 -1.212 -0.985
0.0152 0.01508 7.87506 4.8000001907 2.6129836005    4.798  2.870  4.1943  3.978    1  0.000  0.538     0.00     0.00     0.00     0.00     0.00 -1    -1e-30      0.00 7.092e-01 2.755e-01 2.710e-03 7.399e-04 6.720e-03 -1.000 1.527e-02 -2.405 -1.157 -1.237 -1.009
0.0152 0.01508 7.87506 4.8152179718 2.6130696494    4.813  2.877  4.1946  3.974    1  0.000  0.538     0.00     0.00     0.00     0.00     0.00 -1    -1e-30      0.00 7.092e-01 2.755e-01 2.710e-03 7.399e-04 6.720e-03 -1.000 1.527e-02 -2.422 -1.173 -1.253 -1.025
0.0152 0.01508 7.87506 4.9061965942 2.6135713082    4.905  2.920  4.1959  3.944    1  0.000  0.538     0.00     0.00     0.00     0.00     0.00 -1    -1e-30      0.00 7.092e-01 2.755e-01 2.710e-03 7.399e-04 6.720e-03 -1.000 1.527e-02 -2.530 -1.273 -1.354 -1.125
0.0152 0.01508 7.87506 4.9902577400 2.6140161756    4.989  2.960  4.1964  3.914    1  0.000  0.538     0.00     0.00     0.00     0.00     0.00 -1    -1e-30      0.00 7.092e-01 2.755e-01 2.710e-03 7.399e-04 6.720e-03 -1.000 1.527e-02 -2.629 -1.370 -1.450 -1.221
0.0152 0.01508 7.87506 5.0000000000 2.6140666223    4.999  2.964  4.1964  3.910    1  0.000  0.538     0.00     0.00     0.00     0.00     0.00 -1    -1e-30      0.00 7.092e-01 2.755e-01 2.710e-03 7.399e-04 6.720e-03 -1.000 1.527e-02 -2.641 -1.381 -1.462 -1.232
0.0152 0.01508 7.87506 5.1024985313 2.6145839750    5.102  3.013  4.1964  3.871    1  0.000  0.538     0.00     0.00     0.00     0.00     0.00 -1    -1e-30      0.00 7.092e-01 2.755e-01 2.710e-03 7.399e-04 6.720e-03 -1.000 1.527e-02 -2.762 -1.503 -1.584 -1.355
0.0152 0.01508 7.87506 5.1999998093 2.6150544000    5.200  3.060  4.1949  3.826    1  0.000  0.538     0.00     0.00     0.00     0.00     0.00 -1    -1e-30      0.00 7.092e-01 2.755e-01 2.710e-03 7.399e-04 6.720e-03 -1.000 1.527e-02 -2.880 -1.631 -1.712 -1.483
0.0152 0.01508 7.87506 5.2000417709 2.6150545981    5.200  3.060  4.1949  3.826    1  0.000  0.538     0.00     0.00     0.00     0.00     0.00 -1    -1e-30      0.00 7.092e-01 2.755e-01 2.710e-03 7.399e-04 6.720e-03 -1.000 1.527e-02 -2.880 -1.631 -1.712 -1.483
0.0152 0.01508 7.87506 5.2825903893 2.6154373002    5.283  3.100  4.1922  3.781    1  0.000  0.538     0.00     0.00     0.00     0.00     0.00 -1    -1e-30      0.00 7.092e-01 2.755e-01 2.710e-03 7.399e-04 6.720e-03 -1.000 1.527e-02 -2.981 -1.749 -1.829 -1.602
0.0152 0.01508 7.87506 5.3614115715 2.6157901017    5.362  3.139  4.1886  3.734    1  0.000  0.538     0.00     0.00     0.00     0.00     0.00 -1    -1e-30      0.00 7.092e-01 2.755e-01 2.710e-03 7.399e-04 6.720e-03 -1.000 1.527e-02 -3.078 -1.868 -1.947 -1.723
0.0152 0.01508 7.87506 5.3999996185 2.6159585084    5.401  3.159  4.1859  3.707    1  0.000  0.538     0.00     0.00     0.00     0.00     0.00 -1    -1e-30      0.00 7.092e-01 2.755e-01 2.710e-03 7.399e-04 6.720e-03 -1.000 1.527e-02 -3.127 -1.932 -2.010 -1.790
0.0152 0.01508 7.87506 5.4472446442 2.6161609644    5.448  3.182  4.1825  3.674    1  0.000  0.538     0.00     0.00     0.00     0.00     0.00 -1    -1e-30      0.00 7.092e-01 2.755e-01 2.710e-03 7.399e-04 6.720e-03 -1.000 1.527e-02 -3.186 -2.012 -2.089 -1.871
0.0152 0.01508 7.87506 5.5164957047 2.6164505267    5.517  3.218  4.1757  3.617    1  0.000  0.538     0.00     0.00     0.00     0.00     0.00 -1    -1e-30      0.00 7.092e-01 2.755e-01 2.710e-03 7.399e-04 6.720e-03 -1.000 1.527e-02 -3.275 -2.141 -2.216 -2.004
0.0152 0.01508 7.87506 5.5842108727 2.6167256952    5.585  3.253  4.1678  3.555    1  0.000  0.538     0.00     0.00     0.00     0.00     0.00 -1    -1e-30      0.00 7.092e-01 2.755e-01 2.710e-03 7.399e-04 6.720e-03 -1.000 1.527e-02 -3.364 -2.276 -2.349 -2.144
0.0152 0.01508 7.87506 5.5999994278 2.6167887546    5.601  3.262  4.1658  3.540    1  0.000  0.538     0.00     0.00     0.00     0.00     0.00 -1    -1e-30      0.00 7.092e-01 2.755e-01 2.710e-03 7.399e-04 6.720e-03 -1.000 1.527e-02 -3.385 -2.309 -2.381 -2.178
0.0152 0.01508 7.87506 5.6068177223 2.6168158606    5.608  3.265  4.1649  3.533    1  0.000  0.538     0.00     0.00     0.00     0.00     0.00 -1    -1e-30      0.00 7.092e-01 2.755e-01 2.710e-03 7.399e-04 6.720e-03 -1.000 1.527e-02 -3.394 -2.323 -2.395 -2.192
0.0152 0.01508 7.87506 5.6612730026 2.6170296547    5.662  3.297  4.1575  3.476    1  0.000  0.538     0.00     0.00     0.00     0.00     0.00 -1    -1e-30      0.00 7.092e-01 2.755e-01 2.710e-03 7.399e-04 6.720e-03 -1.000 1.527e-02 -3.473 -2.446 -2.516 -2.320
0.0152 0.01508 7.87506 5.7008881569 2.6171822379    5.702  3.323  4.1538  3.438    1  0.000  0.538     0.00     0.00     0.00     0.00     0.00 -1    -1e-30      0.00 7.092e-01 2.755e-01 2.710e-03 7.399e-04 6.720e-03 -1.000 1.527e-02 -3.536 -2.531 -2.600 -2.407
0.0152 0.01508 7.87506 5.7138824463 2.6172317575    5.715  3.335  4.1573  3.441    1  0.000  0.538     0.00     0.00     0.00     0.00     0.00 -1    -1e-30      0.00 7.092e-01 2.755e-01 2.710e-03 7.399e-04 6.720e-03 -1.000 1.527e-02 -3.567 -2.541 -2.611 -2.415
0.0152 0.01508 7.87506 5.7303390503 2.6172941011    5.731  3.357  4.1693  3.468    1  0.000  0.538     0.00     0.00     0.00     0.00     0.00 -1    -1e-30      0.00 7.092e-01 2.755e-01 2.710e-03 7.399e-04 6.720e-03 -1.000 1.527e-02 -3.623 -2.528 -2.602 -2.395
0.0152 0.01508 7.87506 5.7351818085 2.6173123689    5.736  3.372  4.1800  3.497    1  0.000  0.538     0.00     0.00     0.00     0.00     0.00 -1    -1e-30      0.00 7.092e-01 2.755e-01 2.710e-03 7.399e-04 6.720e-03 -1.000 1.527e-02 -3.659 -2.502 -2.579 -2.363
0.0152 0.01508 7.87506 5.7372932434 2.6173203225    5.738  3.386  4.1902  3.524    1  0.000  0.538     0.00     0.00     0.00     0.00     0.00 -1    -1e-30      0.00 7.092e-01 2.755e-01 2.710e-03 7.399e-04 6.720e-03 -1.000 1.527e-02 -3.695 -2.478 -2.558 -2.333
0.0152 0.01508 7.87506 5.7384738922 2.6173247670    5.739  3.403  4.2006  3.548    1  0.000  0.538     0.00     0.00     0.00     0.00     0.00 -1    -1e-30      0.00 7.092e-01 2.755e-01 2.710e-03 7.399e-04 6.720e-03 -1.000 1.527e-02 -3.738 -2.461 -2.544 -2.310
0.0152 0.01508 7.87506 5.7391738892 2.6173274011    5.740  3.421  4.2097  3.567    1  0.000  0.538     0.00     0.00     0.00     0.00     0.00 -1    -1e-30      0.00 7.092e-01 2.755e-01 2.710e-03 7.399e-04 6.720e-03 -1.000 1.527e-02 -3.782 -2.451 -2.537 -2.295
0.0152 0.01508 7.87506 5.7394042015 2.6173282676    5.740  3.425  4.2124  3.573    1  0.000  0.538     0.00     0.00     0.00     0.00     0.00 -1    -1e-30      0.00 7.092e-01 2.755e-01 2.710e-03 7.399e-04 6.720e-03 -1.000 1.527e-02 -3.794 -2.447 -2.534 -2.289
0.0152 0.01508 7.87506 5.7396874428 2.6173293332    5.740  3.400  4.2051  3.569    2  0.000  0.538     0.00     0.00     0.00     0.00     0.00 -1    -1e-30      0.00 7.092e-01 2.755e-01 2.710e-03 7.399e-04 6.720e-03 -1.000 1.527e-02 -3.729 -2.426 -2.510 -2.272
0.0152 0.01508 7.87506 5.7398700714 2.6173300201    5.741  3.380  4.1964  3.555    2  0.000  0.538     0.00     0.00     0.00     0.00     0.00 -1    -1e-30      0.00 7.092e-01 2.755e-01 2.710e-03 7.399e-04 6.720e-03 -1.000 1.527e-02 -3.679 -2.426 -2.508 -2.277
0.0152 0.01508 7.87506 5.7400741577 2.6173307878    5.741  3.368  4.1848  3.520    2  0.000  0.538     0.00     0.00     0.00     0.00     0.00 -1    -1e-30      0.00 7.092e-01 2.755e-01 2.710e-03 7.399e-04 6.720e-03 -1.000 1.527e-02 -3.650 -2.465 -2.543 -2.323
0.0152 0.01508 7.87506 5.7402777672 2.6173315535    5.741  3.368  4.1731  3.473    2  0.000  0.538     0.00     0.00     0.00     0.00     0.00 -1    -1e-30      0.00 7.092e-01 2.755e-01 2.710e-03 7.399e-04 6.720e-03 -1.000 1.527e-02 -3.651 -2.534 -2.608 -2.399
0.0152 0.01508 7.87506 5.7404952049 2.6173323713    5.741  3.379  4.1613  3.416    2  0.000  0.538     0.00     0.00     0.00     0.00     0.00 -1    -1e-30      0.00 7.092e-01 2.755e-01 2.710e-03 7.399e-04 6.720e-03 -1.000 1.527e-02 -3.676 -2.628 -2.699 -2.500
0.0152 0.01508 7.87506 5.7407240868 2.6173332319    5.742  3.391  4.1494  3.356    2  0.000  0.538     0.00     0.00     0.00     0.00     0.00 -1    -1e-30      0.00 7.092e-01 2.755e-01 2.710e-03 7.399e-04 6.720e-03 -1.000 1.527e-02 -3.707 -2.727 -2.795 -2.607
0.0152 0.01508 7.87506 5.7409615517 2.6173341248    5.742  3.401  4.1373  3.297    2  0.000  0.538     0.00     0.00     0.00     0.00     0.00 -1    -1e-30      0.00 7.092e-01 2.755e-01 2.710e-03 7.399e-04 6.720e-03 -1.000 1.527e-02 -3.733 -2.821 -2.885 -2.708
0.0152 0.01508 7.87506 5.7412018776 2.6173350283    5.742  3.408  4.1253  3.242    2  0.000  0.538     0.00     0.00     0.00     0.00     0.00 -1    -1e-30      0.00 7.092e-01 2.755e-01 2.710e-03 7.399e-04 6.720e-03 -1.000 1.527e-02 -3.751 -2.908 -2.968 -2.802
0.0152 0.01508 7.87506 5.7414431572 2.6173359354    5.742  3.414  4.1132  3.188    2  0.000  0.538     0.00     0.00     0.00     0.00     0.00 -1    -1e-30      0.00 7.092e-01 2.755e-01 2.710e-03 7.399e-04 6.720e-03 -1.000 1.527e-02 -3.764 -2.989 -3.045 -2.890
0.0152 0.01508 7.87506 5.7416839600 2.6173368405    5.742  3.417  4.1011  3.137    2  0.000  0.538     0.00     0.00     0.00     0.00     0.00 -1    -1e-30      0.00 7.092e-01 2.755e-01 2.710e-03 7.399e-04 6.720e-03 -1.000 1.527e-02 -3.772 -3.064 -3.116 -2.973
0.0152 0.01508 7.87506 5.7419214249 2.6173377330    5.743  3.419  4.0890  3.086    2  0.000  0.538     0.00     0.00     0.00     0.00     0.00 -1    -1e-30      0.00 7.092e-01 2.755e-01 2.710e-03 7.399e-04 6.720e-03 -1.000 1.527e-02 -3.777 -3.134 -3.183 -3.051
0.0152 0.01508 7.87506 5.7421545982 2.6173386093    5.743  3.420  4.0768  3.037    2  0.000  0.538     0.00     0.00     0.00     0.00     0.00 -1    -1e-30      0.00 7.092e-01 2.755e-01 2.710e-03 7.399e-04 6.720e-03 -1.000 1.527e-02 -3.779 -3.201 -3.246 -3.125
0.0152 0.01508 7.87506 5.7423810959 2.6173394605    5.743  3.420  4.0646  2.988    2  0.000  0.538     0.00     0.00     0.00     0.00     0.00 -1    -1e-30      0.00 7.092e-01 2.755e-01 2.710e-03 7.399e-04 6.720e-03 -1.000 1.527e-02 -3.779 -3.264 -3.304 -3.195
0.0152 0.01508 7.87506 5.7425999641 2.6173402829    5.743  3.418  4.0524  2.940    2  0.000  0.538     0.00     0.00     0.00     0.00     0.00 -1    -1e-30      0.00 7.092e-01 2.755e-01 2.710e-03 7.399e-04 6.720e-03 -1.000 1.527e-02 -3.776 -3.323 -3.359 -3.263
0.0152 0.01508 7.87506 5.7428107262 2.6173410747    5.744  3.417  4.0401  2.893    2  0.000  0.538     0.00     0.00     0.00     0.00     0.00 -1    -1e-30      0.00 7.092e-01 2.755e-01 2.710e-03 7.399e-04 6.720e-03 -1.000 1.527e-02 -3.772 -3.379 -3.411 -3.327
0.0152 0.01508 7.87506 5.7430129051 2.6173418343    5.744  3.414  4.0279  2.846    2  0.000  0.538     0.00     0.00     0.00     0.00     0.00 -1    -1e-30      0.00 7.092e-01 2.755e-01 2.710e-03 7.399e-04 6.720e-03 -1.000 1.527e-02 -3.766 -3.432 -3.459 -3.388
0.0152 0.01508 7.87506 5.7432060242 2.6173425598    5.744  3.411  4.0156  2.800    2  0.000  0.538     0.00     0.00     0.00     0.00     0.00 -1    -1e-30      0.00 7.092e-01 2.755e-01 2.710e-03 7.399e-04 6.720e-03 -1.000 1.527e-02 -3.758 -3.482 -3.505 -3.447
0.0152 0.01508 7.87506 5.7433896065 2.6173432494    5.744  3.408  4.0033  2.755    2  0.000  0.538     0.00     0.00     0.00     0.00     0.00 -1    -1e-30      0.00 7.092e-01 2.755e-01 2.710e-03 7.399e-04 6.720e-03 -1.000 1.527e-02 -3.749 -3.530 -3.548 -3.503
0.0152 0.01508 7.87506 5.7435655594 2.6173439102    5.744  3.404  3.9909  2.709    2  0.000  0.538     0.00     0.00     0.00     0.00     0.00 -1    -1e-30      0.00 7.092e-01 2.755e-01 2.710e-03 7.399e-04 6.720e-03 -1.000 1.527e-02 -3.739 -3.574 -3.588 -3.557
0.0152 0.01508 7.87506 5.7437319756 2.6173445353    5.745  3.399  3.9786  2.665    2  0.000  0.538     0.00     0.00     0.00     0.00     0.00 -1    -1e-30      0.00 7.092e-01 2.755e-01 2.710e-03 7.399e-04 6.720e-03 -1.000 1.527e-02 -3.728 -3.616 -3.624 -3.609
0.0152 0.01508 7.87506 5.7438907623 2.6173451316    5.745  3.394  3.9662  2.620    2  0.000  0.538     0.00     0.00     0.00     0.00     0.00 -1    -1e-30      0.00 7.092e-01 2.755e-01 2.710e-03 7.399e-04 6.720e-03 -1.000 1.527e-02 -3.716 -3.655 -3.657 -3.659
0.0152 0.01508 7.87506 5.7440409660 2.6173456956    5.745  3.389  3.9539  2.576    2  0.000  0.538     0.00     0.00     0.00     0.00     0.00 -1    -1e-30      0.00 7.092e-01 2.755e-01 2.710e-03 7.399e-04 6.720e-03 -1.000 1.527e-02 -3.702 -3.689 -3.685 -3.707
0.0152 0.01508 7.87506 5.7441844940 2.6173462346    5.745  3.383  3.9415  2.532    2  0.000  0.538     0.00     0.00     0.00     0.00     0.00 -1    -1e-30      0.00 7.092e-01 2.755e-01 2.710e-03 7.399e-04 6.720e-03 -1.000 1.527e-02 -3.688 -3.720 -3.707 -3.752
0.0152 0.01508 7.87506 5.7443194389 2.6173467413    5.745  3.377  3.9292  2.488    2  0.000  0.538     0.00     0.00     0.00     0.00     0.00 -1    -1e-30      0.00 7.092e-01 2.755e-01 2.710e-03 7.399e-04 6.720e-03 -1.000 1.527e-02 -3.674 -3.744 -3.722 -3.794
0.0152 0.01508 7.87506 5.7444477081 2.6173472229    5.745  3.371  3.9168  2.445    2  0.000  0.538     0.00     0.00     0.00     0.00     0.00 -1    -1e-30      0.00 7.092e-01 2.755e-01 2.710e-03 7.399e-04 6.720e-03 -1.000 1.527e-02 -3.658 -3.760 -3.726 -3.831
0.0152 0.01508 7.87506 5.7445688248 2.6173476776    5.745  3.365  3.9044  2.402    2  0.000  0.538     0.00     0.00     0.00     0.00     0.00 -1    -1e-30      0.00 7.092e-01 2.755e-01 2.710e-03 7.399e-04 6.720e-03 -1.000 1.527e-02 -3.642 -3.769 -3.721 -3.865
0.0152 0.01508 7.87506 5.7446832657 2.6173481073    5.745  3.358  3.8920  2.359    2  0.000  0.538     0.00     0.00     0.00     0.00     0.00 -1    -1e-30      0.00 7.092e-01 2.755e-01 2.710e-03 7.399e-04 6.720e-03 -1.000 1.527e-02 -3.625 -3.772 -3.709 -3.895
0.0152 0.01508 7.87506 5.7447919846 2.6173485154    5.746  3.351  3.8797  2.317    2  0.000  0.538     0.00     0.00     0.00     0.00     0.00 -1    -1e-30      0.00 7.092e-01 2.755e-01 2.710e-03 7.399e-04 6.720e-03 -1.000 1.527e-02 -3.608 -3.768 -3.688 -3.922
0.0152 0.01508 7.87506 5.7448945045 2.6173489003    5.746  3.344  3.8673  2.274    2  0.000  0.538     0.00     0.00     0.00     0.00     0.00 -1    -1e-30      0.00 7.092e-01 2.755e-01 2.710e-03 7.399e-04 6.720e-03 -1.000 1.527e-02 -3.590 -3.760 -3.660 -3.947
0.0152 0.01508 7.87506 5.7449913025 2.6173492636    5.746  3.337  3.8549  2.232    2  0.000  0.538     0.00     0.00     0.00     0.00     0.00 -1    -1e-30      0.00 7.092e-01 2.755e-01 2.710e-03 7.399e-04 6.720e-03 -1.000 1.527e-02 -3.572 -3.748 -3.626 -3.971
0.0152 0.01508 7.87506 5.7450838089 2.6173496109    5.746  3.329  3.8424  2.190    2  0.000  0.538     0.00     0.00     0.00     0.00     0.00 -1    -1e-30      0.00 7.092e-01 2.755e-01 2.710e-03 7.399e-04 6.720e-03 -1.000 1.527e-02 -3.553 -3.732 -3.586 -3.992
0.0152 0.01508 7.87506 5.7451705933 2.6173499366    5.746  3.321  3.8300  2.148    2  0.000  0.538     0.00     0.00     0.00     0.00     0.00 -1    -1e-30      0.00 7.092e-01 2.755e-01 2.710e-03 7.399e-04 6.720e-03 -1.000 1.527e-02 -3.533 -3.713 -3.544 -4.010
0.0152 0.01508 7.87506 5.7452535629 2.6173502480    5.746  3.313  3.8175  2.106    2  0.000  0.538     0.00     0.00     0.00     0.00     0.00 -1    -1e-30      0.00 7.092e-01 2.755e-01 2.710e-03 7.399e-04 6.720e-03 -1.000 1.527e-02 -3.514 -3.691 -3.496 -4.022
0.0152 0.01508 7.87506 5.7453327179 2.6173505451    5.746  3.305  3.8050  2.064    2  0.000  0.538     0.00     0.00     0.00     0.00     0.00 -1    -1e-30      0.00 7.092e-01 2.755e-01 2.710e-03 7.399e-04 6.720e-03 -1.000 1.527e-02 -3.493 -3.667 -3.445 -4.035
0.0152 0.01508 7.87506 5.7454075813 2.6173508261    5.746  3.297  3.7924  2.022    2  0.000  0.538     0.00     0.00     0.00     0.00     0.00 -1    -1e-30      0.00 7.092e-01 2.755e-01 2.710e-03 7.399e-04 6.720e-03 -1.000 1.527e-02 -3.472 -3.639 -3.390 -4.042
0.0152 0.01508 7.87506 5.7454786301 2.6173510928    5.746  3.289  3.7798  1.980    2  0.000  0.538     0.00     0.00     0.00     0.00     0.00 -1    -1e-30      0.00 7.092e-01 2.755e-01 2.710e-03 7.399e-04 6.720e-03 -1.000 1.527e-02 -3.451 -3.609 -3.330 -4.049
0.0152 0.01508 7.87506 5.7455463409 2.6173513469    5.746  3.280  3.7672  1.938    2  0.000  0.538     0.00     0.00     0.00     0.00     0.00 -1    -1e-30      0.00 7.092e-01 2.755e-01 2.710e-03 7.399e-04 6.720e-03 -1.000 1.527e-02 -3.430 -3.575 -3.263 -4.052
0.0152 0.01508 7.87506 5.7456102371 2.6173515867    5.746  3.271  3.7546  1.897    2  0.000  0.538     0.00     0.00     0.00     0.00     0.00 -1    -1e-30      0.00 7.092e-01 2.755e-01 2.710e-03 7.399e-04 6.720e-03 -1.000 1.527e-02 -3.408 -3.538 -3.194 -4.049
0.0152 0.01508 7.87506 5.7456727028 2.6173518211    5.746  3.262  3.7420  1.855    2  0.000  0.538     0.00     0.00     0.00     0.00     0.00 -1    -1e-30      0.00 7.092e-01 2.755e-01 2.710e-03 7.399e-04 6.720e-03 -1.000 1.527e-02 -3.385 -3.497 -3.122 -4.040
0.0152 0.01508 7.87506 5.7457361221 2.6173520591    5.747  3.252  3.7293  1.815    2  0.000  0.538     0.00     0.00     0.00     0.00     0.00 -1    -1e-30      0.00 7.092e-01 2.755e-01 2.710e-03 7.399e-04 6.720e-03 -1.000 1.527e-02 -3.359 -3.449 -3.042 -4.023
0.0152 0.01508 7.87506 5.7458038330 2.6173523132    5.747  3.240  3.7165  1.776    2  0.000  0.538     0.00     0.00     0.00     0.00     0.00 -1    -1e-30      0.00 7.092e-01 2.755e-01 2.710e-03 7.399e-04 6.720e-03 -1.000 1.527e-02 -3.329 -3.392 -2.952 -3.996
0.0152 0.01508 7.87506 5.7458801270 2.6173525995    5.747  3.225  3.7043  1.742    2  0.000  0.538     0.00     0.00     0.00     0.00     0.00 -1    -1e-30      0.00 7.092e-01 2.755e-01 2.710e-03 7.399e-04 6.720e-03 -1.000 1.527e-02 -3.292 -3.325 -2.855 -3.958
0.0152 0.01508 7.87506 5.7459897995 2.6173530110    5.747  3.202  3.6921  1.716    2  0.000  0.538     0.00     0.00     0.00     0.00     0.00 -1    -1e-30      0.00 7.092e-01 2.755e-01 2.710e-03 7.399e-04 6.720e-03 -1.000 1.527e-02 -3.235 -3.235 -2.734 -3.894
0.0152 0.01508 7.87506 5.7461071014 2.6173534511    5.747  3.177  3.6824  1.703    2  0.000  0.538     0.00     0.00     0.00     0.00     0.00 -1    -1e-30      0.00 7.092e-01 2.755e-01 2.710e-03 7.399e-04 6.720e-03 -1.000 1.527e-02 -3.171 -3.141 -2.617 -3.821
0.0152 0.01508 7.87506 5.7462353706 2.6173539324    5.747  3.152  3.6732  1.690    2  0.000  0.538     0.00     0.00     0.00     0.00     0.00 -1    -1e-30      0.00 7.092e-01 2.755e-01 2.710e-03 7.399e-04 6.720e-03 -1.000 1.527e-02 -3.110 -3.051 -2.507 -3.747
0.0152 0.01508 7.87506 5.7463755608 2.6173544583    5.747  3.137  3.6637  1.667    2  0.000  0.538     0.00     0.00     0.00     0.00     0.00 -1    -1e-30      0.00 7.092e-01 2.755e-01 2.710e-03 7.399e-04 6.720e-03 -1.000 1.527e-02 -3.073 -2.978 -2.410 -3.692
0.0152 0.01508 7.87506 5.7464160919 2.6173546104    5.747  3.141  3.6610  1.653    2  0.000  0.538     0.00     0.00     0.00     0.00     0.00 -1    -1e-30      0.00 7.092e-01 2.755e-01 2.710e-03 7.399e-04 6.720e-03 -1.000 1.527e-02 -3.083 -2.977 -2.402 -3.698
0.0152 0.01508 7.87506 5.7465400696 2.6173550755    5.747  3.166  3.6524  1.593    3  0.000  0.538     8.50     7.48     5.47     3.95     3.25  4    -1e-30      0.00 7.092e-01 2.755e-01 2.710e-03 7.399e-04 6.720e-03 -1.000 1.527e-02 -3.144 -3.002 -2.402 -3.741
0.0152 0.01508 7.87506 5.7466259003 2.6173553975    5.747  3.198  3.6463  1.537    3  0.000  0.537     9.62     8.29     6.04     4.37     3.59  4    -1e-30      0.00 7.092e-01 2.755e-01 2.707e-03 7.403e-04 6.720e-03 -1.000 1.527e-02 -3.225 -3.054 -2.437 -3.807
0.0152 0.01508 7.87506 5.7467012405 2.6173556801    5.747  3.235  3.6409  1.478    3  0.000  0.534    10.93     9.22     6.69     4.84     3.98  4    -1e-30      0.00 7.092e-01 2.756e-01 2.693e-03 7.450e-04 6.720e-03 -1.000 1.527e-02 -3.318 -3.122 -2.488 -3.887
0.0152 0.01508 7.87506 5.7467699051 2.6173559377    5.748  3.271  3.6363  1.424    3  0.000  0.525    12.29    10.17     7.34     5.32     4.38  4    -1e-30      0.00 7.091e-01 2.756e-01 2.646e-03 7.733e-04 6.720e-03 -1.000 1.527e-02 -3.408 -3.188 -2.537 -3.965
0.0152 0.01508 7.87506 5.7468547821 2.6173562560    5.748  3.314  3.6314  1.362    3  0.000  0.501    14.06    11.37     8.17     5.94     4.88  4    -1e-30      0.00 7.091e-01 2.756e-01 2.523e-03 8.872e-04 6.720e-03 -1.000 1.527e-02 -3.514 -3.268 -2.599 -4.058
0.0152 0.01508 7.87506 5.7468886375 2.6173563830    5.748  3.329  3.6297  1.339    3  0.000  0.489    14.77    11.85     8.50     6.18     5.08  4    -1e-30      0.00 7.091e-01 2.756e-01 2.464e-03 9.502e-04 6.720e-03 -1.000 1.527e-02 -3.553 -3.298 -2.623 -4.093
0.0152 0.01508 7.87506 5.7469687462 2.6173566835    5.748  3.358  3.6266  1.298    3  0.000  0.466    16.14    12.76     9.12     6.64     5.46  4    -1e-30      0.00 7.090e-01 2.756e-01 2.352e-03 1.086e-03 6.720e-03 -1.000 1.532e-02 -3.624 -3.352 -2.664 -4.155
0.0152 0.01508 7.87506 5.7470188141 2.6173568713    5.748  3.373  3.6250  1.276    3  0.000  0.455    16.91    13.27     9.47     6.89     5.67  4    -1e-30      0.00 7.090e-01 2.756e-01 2.296e-03 1.155e-03 6.720e-03 -1.000 1.537e-02 -3.663 -3.381 -2.687 -4.189
0.0152 0.01508 7.87506 5.7471613884 2.6173574060    5.748  3.398  3.6224  1.241    3  0.000  0.439    18.26    14.14    10.06     7.33     6.04  4    -1e-30      0.00 7.090e-01 2.757e-01 2.215e-03 1.255e-03 6.720e-03 -1.000 1.537e-02 -3.725 -3.429 -2.724 -4.244
0.0152 0.01508 7.87506 5.7475476265 2.6173588545    5.748  3.443  3.6177  1.177    3  0.000  0.413    20.96    15.86    11.23     8.20     6.75  4    -1e-30      0.00 7.088e-01 2.758e-01 2.081e-03 1.424e-03 6.715e-03 -1.000 1.538e-02 -3.837 -3.513 -2.788 -4.341
0.0152 0.01508 7.87506 5.7480225563 2.6173606353    5.749  3.485  3.6135  1.119    3  0.000  0.397    23.82    17.65    12.43     9.09     7.48  4    -1e-30      0.00 7.081e-01 2.765e-01 1.986e-03 1.581e-03 6.669e-03 -1.000 1.539e-02 -3.942 -3.591 -2.848 -4.432
0.0152 0.01508 7.87506 5.7485275269 2.6173625283    5.749  3.526  3.6095  1.062    3  0.000  0.391    26.95    19.56    13.72    10.05     8.27  4    -1e-30      0.00 7.053e-01 2.794e-01 1.912e-03 1.809e-03 6.511e-03 -1.000 1.538e-02 -4.045 -3.669 -2.908 -4.521
0.0152 0.01508 7.87506 5.7490472794 2.6173644764    5.750  3.567  3.6058  1.005    3  0.000  0.390    30.44    21.65    15.11    11.08     9.13  4    -1e-30      0.00 7.001e-01 2.845e-01 1.852e-03 2.046e-03 6.326e-03 -1.000 1.540e-02 -4.149 -3.746 -2.966 -4.610
0.0152 0.01508 7.87506 5.7495665550 2.6173664222    5.750  3.608  3.6023  0.951    3  0.000  0.390    34.22    23.87    16.59    12.19    10.04  4    -1e-30      0.00 6.939e-01 2.907e-01 1.803e-03 2.246e-03 6.167e-03 -1.000 1.535e-02 -4.249 -3.822 -3.024 -4.697
0.0152 0.01508 7.87506 5.7500863075 2.6173683695    5.751  3.645  3.5991  0.901    3  0.000  0.389    38.15    26.14    18.09    13.30    10.97  4    -1e-30      0.00 6.881e-01 2.966e-01 1.766e-03 2.398e-03 6.046e-03 -1.000 1.534e-02 -4.343 -3.892 -3.077 -4.778
0.0152 0.01508 7.87506 5.7507581711 2.6173708860    5.752  3.678  3.5963  0.857    3  0.000  0.389    41.99    28.31    19.52    14.38    11.85  4    -1e-30      0.00 6.836e-01 3.011e-01 1.742e-03 2.498e-03 5.966e-03 -1.000 1.536e-02 -4.425 -3.952 -3.120 -4.848
0.0152 0.01508 7.87506 5.7521910667 2.6173762508    5.753  3.700  3.5945  0.828    3  0.000  0.389    44.72    29.84    20.53    15.13    12.47  4    -1e-30      0.00 6.815e-01 3.031e-01 1.733e-03 2.539e-03 5.932e-03 -1.000 1.537e-02 -4.479 -3.991 -3.147 -4.894
0.0152 0.01508 7.87506 5.7598466873 2.6174048615    5.761  3.674  3.5973  0.866    4  0.000  0.389     0.00     0.00     0.00     0.00     0.00 -1    -1e-30      0.00 6.815e-01 3.031e-01 1.733e-03 2.539e-03 5.932e-03 -1.000 1.537e-02 -4.414 -3.948 -3.121 -4.841
0.0152 0.01508 7.87506 5.7679681778 2.6174351179    5.769  3.638  3.6009  0.917    4  0.000  0.389     0.00     0.00     0.00     0.00     0.00 -1    -1e-30      0.00 6.816e-01 3.031e-01 1.733e-03 2.539e-03 5.932e-03 -1.000 1.537e-02 -4.325 -3.888 -3.082 -4.768
0.0152 0.01508 7.87506 5.7739114761 2.6174571975    5.775  3.603  3.6044  0.966    4  0.000  0.389     0.00     0.00     0.00     0.00     0.00 -1    -1e-30      0.00 6.816e-01 3.031e-01 1.733e-03 2.539e-03 5.933e-03 -1.000 1.537e-02 -4.237 -3.824 -3.037 -4.693
0.0152 0.01508 7.87506 5.7787408829 2.6174751004    5.780  3.570  3.6076  1.012    4  0.000  0.389     0.00     0.00     0.00     0.00     0.00 -1    -1e-30      0.00 6.816e-01 3.030e-01 1.733e-03 2.539e-03 5.933e-03 -1.000 1.537e-02 -4.155 -3.765 -2.994 -4.624
0.0152 0.01508 7.87506 5.7839570045 2.6174943983    5.785  3.532  3.6113  1.065    4  0.000  0.389     0.00     0.00     0.00     0.00     0.00 -1    -1e-30      0.00 6.816e-01 3.030e-01 1.733e-03 2.539e-03 5.933e-03 -1.000 1.537e-02 -4.061 -3.696 -2.942 -4.543
0.0152 0.01508 7.87506 5.7891869545 2.6175137073    5.790  3.494  3.6151  1.119    4  0.000  0.389     0.00     0.00     0.00     0.00     0.00 -1    -1e-30      0.00 6.816e-01 3.030e-01 1.733e-03 2.538e-03 5.933e-03 -1.000 1.537e-02 -3.966 -3.625 -2.889 -4.461
0.0152 0.01508 7.87506 5.7943673134 2.6175327936    5.795  3.459  3.6188  1.169    4  0.000  0.389     0.00     0.00     0.00     0.00     0.00 -1    -1e-30      0.00 6.816e-01 3.030e-01 1.733e-03 2.538e-03 5.933e-03 -1.000 1.537e-02 -3.879 -3.561 -2.840 -4.386
0.0152 0.01508 7.87506 5.8000001907 2.6175535027    5.801  3.426  3.6225  1.218    4  0.000  0.389     0.00     0.00     0.00     0.00     0.00 -1    -1e-30      0.00 6.817e-01 3.030e-01 1.733e-03 2.538e-03 5.933e-03 -1.000 1.537e-02 -3.795 -3.499 -2.794 -4.314
0.0152 0.01508 7.87506 5.8072547913 2.6175801059    5.808  3.391  3.6268  1.270    4  0.000  0.389     0.00     0.00     0.00     0.00     0.00 -1    -1e-30      0.00 6.817e-01 3.030e-01 1.733e-03 2.538e-03 5.933e-03 -1.000 1.537e-02 -3.709 -3.437 -2.749 -4.241
0.0152 0.01508 7.87506 5.8243336678 2.6176424348    5.825  3.352  3.6349  1.343    4  0.000  0.389     0.00     0.00     0.00     0.00     0.00 -1    -1e-30      0.00 6.817e-01 3.030e-01 1.733e-03 2.538e-03 5.932e-03 -1.000 1.537e-02 -3.609 -3.382 -2.725 -4.164
0.0152 0.01508 7.87506 5.8305907249 2.6176651647    5.831  3.347  3.6377  1.359    4  0.000  0.389     0.00     0.00     0.00     0.00     0.00 -1    -1e-30      0.00 6.817e-01 3.030e-01 1.733e-03 2.538e-03 5.932e-03 -1.000 1.537e-02 -3.599 -3.386 -2.738 -4.161
0.0152 0.01508 7.87506 5.8355712891 2.6176832174    5.836  3.356  3.6407  1.363    4  0.000  0.389     0.00     0.00     0.00     0.00     0.00 -1    -1e-30      0.00 6.817e-01 3.030e-01 1.733e-03 2.538e-03 5.932e-03 -1.000 1.537e-02 -3.619 -3.422 -2.785 -4.190
0.0152 0.01508 7.87506 5.8445281982 2.6177155940    5.845  3.379  3.6476  1.368    5  0.000  0.390     0.00     0.00     0.00     0.00     0.00 -1    -1e-30      0.00 6.817e-01 3.029e-01 1.734e-03 2.538e-03 5.932e-03 -1.000 1.537e-02 -3.679 -3.516 -2.900 -4.267
0.0152 0.01508 7.87506 5.8477382660 2.6177271696    5.848  3.402  3.6531  1.367    5  0.000  0.390     0.00     0.00     0.00     0.00     0.00 -1    -1e-30      0.00 6.817e-01 3.029e-01 1.734e-03 2.538e-03 5.932e-03 -1.000 1.537e-02 -3.736 -3.599 -3.000 -4.337
0.0152 0.01508 7.87506 5.8496141434 2.6177339274    5.850  3.421  3.6583  1.370    5  0.000  0.390     0.00     0.00     0.00     0.00     0.00 -1    -1e-30      0.00 6.817e-01 3.029e-01 1.734e-03 2.538e-03 5.932e-03 -1.000 1.537e-02 -3.782 -3.669 -3.085 -4.395
0.0152 0.01508 7.87506 5.8511228561 2.6177393588    5.852  3.439  3.6651  1.378    5  0.000  0.390     0.00     0.00     0.00     0.00     0.00 -1    -1e-30      0.00 6.817e-01 3.029e-01 1.734e-03 2.538e-03 5.932e-03 -1.000 1.537e-02 -3.828 -3.741 -3.172 -4.456
0.0152 0.01508 7.87506 5.8520121574 2.6177425588    5.853  3.450  3.6709  1.391    5  0.000  0.390     0.00     0.00     0.00     0.00     0.00 -1    -1e-30      0.00 6.817e-01 3.029e-01 1.734e-03 2.538e-03 5.931e-03 -1.000 1.537e-02 -3.855 -3.790 -3.233 -4.494
0.0152 0.01508 7.87506 5.8526821136 2.6177449688    5.853  3.458  3.6766  1.406    5  0.000  0.390     0.00     0.00     0.00     0.00     0.00 -1    -1e-30      0.00 6.817e-01 3.029e-01 1.734e-03 2.538e-03 5.931e-03 -1.000 1.537e-02 -3.874 -3.827 -3.282 -4.523
0.0152 0.01508 7.87506 5.8532805443 2.6177471210    5.854  3.464  3.6835  1.427    5  0.000  0.390     0.00     0.00     0.00     0.00     0.00 -1    -1e-30      0.00 6.817e-01 3.029e-01 1.734e-03 2.538e-03 5.931e-03 -1.000 1.537e-02 -3.891 -3.866 -3.334 -4.549
0.0152 0.01508 7.87506 5.8538579941 2.6177491972    5.854  3.470  3.6906  1.449    5  0.000  0.390     0.00     0.00     0.00     0.00     0.00 -1    -1e-30      0.00 6.817e-01 3.029e-01 1.734e-03 2.538e-03 5.931e-03 -1.000 1.537e-02 -3.906 -3.903 -3.389 -4.572
0.0152 0.01508 7.87506 5.8544673920 2.6177513878    5.855  3.477  3.6982  1.474    5  0.000  0.390     0.00     0.00     0.00     0.00     0.00 -1    -1e-30      0.00 6.817e-01 3.029e-01 1.734e-03 2.538e-03 5.931e-03 -1.000 1.537e-02 -3.921 -3.940 -3.447 -4.593
0.0152 0.01508 7.87506 5.8551402092 2.6177538058    5.856  3.483  3.7070  1.503    5  0.000  0.390     0.00     0.00     0.00     0.00     0.00 -1    -1e-30      0.00 6.817e-01 3.029e-01 1.734e-03 2.538e-03 5.931e-03 -1.000 1.537e-02 -3.937 -3.980 -3.509 -4.613
0.0152 0.01508 7.87506 5.8558859825 2.6177564852    5.856  3.490  3.7165  1.534    5  0.000  0.390     0.00     0.00     0.00     0.00     0.00 -1    -1e-30      0.00 6.817e-01 3.029e-01 1.734e-03 2.538e-03 5.931e-03 -1.000 1.537e-02 -3.954 -4.020 -3.574 -4.630
0.0152 0.01508 7.87506 5.8567142487 2.6177594600    5.857  3.496  3.7274  1.571    5  0.000  0.390     0.00     0.00     0.00     0.00     0.00 -1    -1e-30      0.00 6.817e-01 3.029e-01 1.734e-03 2.538e-03 5.931e-03 -1.000 1.537e-02 -3.971 -4.060 -3.643 -4.645
0.0152 0.01508 7.87506 5.8578667641 2.6177635979    5.858  3.505  3.7434  1.627    5  0.000  0.390     0.00     0.00     0.00     0.00     0.00 -1    -1e-30      0.00 6.817e-01 3.029e-01 1.734e-03 2.538e-03 5.931e-03 -1.000 1.537e-02 -3.992 -4.111 -3.735 -4.655
0.0152 0.01508 7.87506 5.8588881493 2.6177672634    5.859  3.511  3.7572  1.675    5  0.000  0.390     0.00     0.00     0.00     0.00     0.00 -1    -1e-30      0.00 6.817e-01 3.029e-01 1.734e-03 2.538e-03 5.931e-03 -1.000 1.537e-02 -4.009 -4.147 -3.806 -4.654
0.0152 0.01508 7.87506 5.8600063324 2.6177712746    5.861  3.518  3.7710  1.724    5  0.000  0.390     0.00     0.00     0.00     0.00     0.00 -1    -1e-30      0.00 6.817e-01 3.029e-01 1.734e-03 2.538e-03 5.931e-03 -1.000 1.537e-02 -4.025 -4.179 -3.874 -4.646
0.0152 0.01508 7.87506 5.8612494469 2.6177757318    5.862  3.524  3.7844  1.772    5  0.000  0.390     0.00     0.00     0.00     0.00     0.00 -1    -1e-30      0.00 6.817e-01 3.029e-01 1.734e-03 2.538e-03 5.931e-03 -1.000 1.537e-02 -4.040 -4.206 -3.938 -4.631
0.0152 0.01508 7.87506 5.8626599312 2.6177807866    5.863  3.530  3.7971  1.816    5  0.000  0.390     0.00     0.00     0.00     0.00     0.00 -1    -1e-30      0.00 6.817e-01 3.029e-01 1.734e-03 2.538e-03 5.931e-03 -1.000 1.537e-02 -4.055 -4.229 -3.992 -4.617
0.0152 0.01508 7.87506 5.8643317223 2.6177867742    5.865  3.536  3.8091  1.859    5  0.000  0.390     0.00     0.00     0.00     0.00     0.00 -1    -1e-30      0.00 6.817e-01 3.029e-01 1.734e-03 2.538e-03 5.931e-03 -1.000 1.537e-02 -4.070 -4.250 -4.040 -4.602
0.0152 0.01508 7.87506 5.8667635918 2.6177954770    5.867  3.542  3.8209  1.900    5  0.000  0.390     0.00     0.00     0.00     0.00     0.00 -1    -1e-30      0.00 6.817e-01 3.029e-01 1.734e-03 2.538e-03 5.931e-03 -1.000 1.537e-02 -4.085 -4.268 -4.084 -4.586
0.0152 0.01508 7.87506 5.8714823723 2.6178123402    5.872  3.549  3.8320  1.937    5  0.000  0.390     0.00     0.00     0.00     0.00     0.00 -1    -1e-30      0.00 6.817e-01 3.029e-01 1.734e-03 2.538e-03 5.931e-03 -1.000 1.537e-02 -4.104 -4.288 -4.126 -4.574
0.0152 0.01508 7.87506 5.8720264435 2.6178142826    5.873  3.550  3.8327  1.940    5  0.000  0.390     0.00     0.00     0.00     0.00     0.00 -1    -1e-30      0.00 6.817e-01 3.029e-01 1.734e-03 2.538e-03 5.931e-03 -1.000 1.537e-02 -4.105 -4.290 -4.129 -4.573
0.0152 0.01508 7.87506 5.8851504326 2.6178610096    5.886  3.555  3.8203  1.886    6  0.000  0.390     0.00     0.00     0.00     0.00     0.00 -1    -1e-30      0.00 6.817e-01 3.029e-01 1.735e-03 2.538e-03 5.930e-03 -1.000 1.537e-02 -4.118 -4.301 -4.115 -4.620
0.0152 0.01508 7.87506 5.9061655998 2.6179353355    5.907  3.569  3.8102  1.833    6  0.000  0.390     0.00     0.00     0.00     0.00     0.00 -1    -1e-30      0.00 6.817e-01 3.029e-01 1.735e-03 2.538e-03 5.930e-03 -1.000 1.537e-02 -4.153 -4.334 -4.127 -4.682
0.0152 0.01508 7.87506 5.9193038940 2.6179814945    5.920  3.577  3.8013  1.791    6  0.000  0.390     0.00     0.00     0.00     0.00     0.00 -1    -1e-30      0.00 6.817e-01 3.029e-01 1.735e-03 2.538e-03 5.929e-03 -1.000 1.537e-02 -4.172 -4.349 -4.122 -4.724
0.0152 0.01508 7.87506 5.9254908562 2.6180031497    5.926  3.580  3.7957  1.766    6  0.000  0.390     0.00     0.00     0.00     0.00     0.00 -1    -1e-30      0.00 6.817e-01 3.029e-01 1.735e-03 2.538e-03 5.929e-03 -1.000 1.537e-02 -4.179 -4.353 -4.113 -4.744
0.0152 0.01508 7.87506 5.9322686195 2.6180268132    5.933  3.582  3.7869  1.729    6  0.000  0.390     0.00     0.00     0.00     0.00     0.00 -1    -1e-30      0.00 6.817e-01 3.029e-01 1.736e-03 2.538e-03 5.929e-03 -1.000 1.537e-02 -4.185 -4.354 -4.093 -4.771
0.0152 0.01508 7.87506 5.9364233017 2.6180412879    5.937  3.582  3.7781  1.694    6  0.000  0.390     0.00     0.00     0.00     0.00     0.00 -1    -1e-30      0.00 6.818e-01 3.029e-01 1.736e-03 2.538e-03 5.929e-03 -1.000 1.537e-02 -4.185 -4.348 -4.063 -4.793
0.0152 0.01508 7.87506 5.9416770935 2.6180595586    5.942  3.581  3.7642  1.639    6  0.000  0.390     0.00     0.00     0.00     0.00     0.00 -1    -1e-30      0.00 6.818e-01 3.029e-01 1.736e-03 2.538e-03 5.929e-03 -1.000 1.537e-02 -4.183 -4.331 -4.008 -4.820
0.0152 0.01508 7.87506 5.9477119446 2.6180804996    5.948  3.580  3.7479  1.576    6  0.000  0.390     0.00     0.00     0.00     0.00     0.00 -1    -1e-30      0.00 6.818e-01 3.029e-01 1.736e-03 2.538e-03 5.928e-03 -1.000 1.537e-02 -4.180 -4.307 -3.942 -4.840
0.0152 0.01508 7.87506 5.9509029388 2.6180915527    5.951  3.578  3.7350  1.527    6  0.000  0.390     0.00     0.00     0.00     0.00     0.00 -1    -1e-30      0.00 6.818e-01 3.029e-01 1.736e-03 2.538e-03 5.928e-03 -1.000 1.537e-02 -4.174 -4.279 -3.880 -4.846
0.0152 0.01508 7.87506 5.9538917542 2.6181018931    5.954  3.574  3.7224  1.480    6  0.000  0.390     0.00     0.00     0.00     0.00     0.00 -1    -1e-30      0.00 6.818e-01 3.029e-01 1.736e-03 2.538e-03 5.928e-03 -1.000 1.537e-02 -4.166 -4.246 -3.813 -4.844
0.0152 0.01508 7.87506 5.9569640160 2.6181125098    5.957  3.571  3.7095  1.432    6  0.000  0.390     0.00     0.00     0.00     0.00     0.00 -1    -1e-30      0.00 6.818e-01 3.029e-01 1.736e-03 2.538e-03 5.928e-03 -1.000 1.537e-02 -4.157 -4.206 -3.739 -4.835
0.0152 0.01508 7.87506 5.9594578743 2.6181211184    5.960  3.567  3.7004  1.400    6  0.000  0.390     0.00     0.00     0.00     0.00     0.00 -1    -1e-30      0.00 6.818e-01 3.029e-01 1.736e-03 2.538e-03 5.928e-03 -1.000 1.537e-02 -4.147 -4.173 -3.682 -4.823
0.0152 0.01508 7.87506 5.9614825249 2.6181281013    5.962  3.562  3.6915  1.370    6  0.000  0.390     0.00     0.00     0.00     0.00     0.00 -1    -1e-30      0.00 6.818e-01 3.029e-01 1.736e-03 2.538e-03 5.928e-03 -1.000 1.537e-02 -4.135 -4.135 -3.621 -4.804
0.0152 0.01508 7.87506 5.9633650780 2.6181345892    5.964  3.557  3.6831  1.341    6  0.000  0.390     0.00     0.00     0.00     0.00     0.00 -1    -1e-30      0.00 6.818e-01 3.029e-01 1.736e-03 2.538e-03 5.928e-03 -1.000 1.537e-02 -4.122 -4.096 -3.561 -4.782
0.0152 0.01508 7.87506 5.9651713371 2.6181408097    5.966  3.550  3.6743  1.313    6  0.000  0.390     0.00     0.00     0.00     0.00     0.00 -1    -1e-30      0.00 6.818e-01 3.029e-01 1.736e-03 2.538e-03 5.928e-03 -1.000 1.537e-02 -4.105 -4.052 -3.499 -4.752
0.0152 0.01508 7.87506 5.9668064117 2.6181464370    5.967  3.541  3.6657  1.287    6  0.000  0.390     0.00     0.00     0.00     0.00     0.00 -1    -1e-30      0.00 6.818e-01 3.029e-01 1.736e-03 2.538e-03 5.928e-03 -1.000 1.537e-02 -4.083 -3.999 -3.428 -4.715
0.0152 0.01508 7.87506 5.9684758186 2.6181521788    5.969  3.532  3.6580  1.266    6  0.000  0.390     0.00     0.00     0.00     0.00     0.00 -1    -1e-30      0.00 6.818e-01 3.029e-01 1.736e-03 2.538e-03 5.928e-03 -1.000 1.537e-02 -4.060 -3.946 -3.359 -4.675
0.0152 0.01508 7.87506 5.9712510109 2.6181617156    5.972  3.516  3.6497  1.248    6  0.000  0.390     0.00     0.00     0.00     0.00     0.00 -1    -1e-30      0.00 6.818e-01 3.029e-01 1.737e-03 2.538e-03 5.928e-03 -1.000 1.537e-02 -4.021 -3.869 -3.257 -4.617
0.0152 0.01508 7.87506 5.9744939804 2.6181728471    5.975  3.499  3.6416  1.234    6  0.000  0.390     0.00     0.00     0.00     0.00     0.00 -1    -1e-30      0.00 6.818e-01 3.029e-01 1.737e-03 2.538e-03 5.928e-03 -1.000 1.537e-02 -3.978 -3.785 -3.147 -4.553
0.0152 0.01508 7.87506 5.9780273438 2.6181849595    5.978  3.487  3.6348  1.219    6  0.000  0.391     0.00     0.00     0.00     0.00     0.00 -1    -1e-30      0.00 6.818e-01 3.028e-01 1.737e-03 2.538e-03 5.928e-03 -1.000 1.537e-02 -3.947 -3.719 -3.058 -4.503
0.0152 0.01508 7.87506 5.9856796265 2.6182111352    5.986  3.491  3.6263  1.181    6  0.000  0.391     0.00     0.00     0.00     0.00     0.00 -1    -1e-30      0.00 6.818e-01 3.028e-01 1.737e-03 2.538e-03 5.927e-03 -1.000 1.537e-02 -3.958 -3.684 -2.992 -4.490
0.0152 0.01508 7.87506 5.9891123772 2.6182228524    5.990  3.525  3.6196  1.121    6  0.000  0.391     0.00     0.00     0.00     0.00     0.00 -1    -1e-30      0.00 6.818e-01 3.028e-01 1.737e-03 2.538e-03 5.927e-03 -1.000 1.537e-02 -4.042 -3.729 -3.010 -4.553
0.0152 0.01508 7.87506 5.9898891449 2.6182255017    5.990  3.562  3.6145  1.064    6  0.000  0.391     0.00     0.00     0.00     0.00     0.00 -1    -1e-30      0.00 6.818e-01 3.028e-01 1.737e-03 2.538e-03 5.927e-03 -1.000 1.537e-02 -4.135 -3.790 -3.049 -4.628
0.0152 0.01508 7.87506 5.9899187088 2.6182256025    5.990  3.564  3.6142  1.060    6  0.000  0.391     0.00     0.00     0.00     0.00     0.00 -1    -1e-30      0.00 6.818e-01 3.028e-01 1.737e-03 2.538e-03 5.927e-03 -1.000 1.537e-02 -4.141 -3.794 -3.052 -4.634
0.0152 0.01508 7.87506 5.9901409149 2.6182263602    5.991  3.598  3.6086  1.004    7  0.000  0.391    30.74    21.94    15.32    11.22     9.25  4 -9.34e-11      0.00 6.818e-01 3.028e-01 1.737e-03 2.538e-03 5.927e-03 -1.000 1.542e-02 -4.225 -3.841 -3.074 -4.697
0.0152 0.01508 7.87506 5.9907131195 2.6182283110    5.991  3.587  3.6094  1.018    7  0.000  0.391    29.81    21.39    14.95    10.95     9.02  4 -3.94e-10      0.00 6.818e-01 3.028e-01 1.737e-03 2.538e-03 5.927e-03 -1.000 1.543e-02 -4.197 -3.820 -3.057 -4.673
0.0152 0.01508 7.87506 5.9915871620 2.6182312902    5.992  3.609  3.6074  0.988    7  0.000  0.391    31.83    22.59    15.75    11.54     9.51  4 -2.43e-09      0.00 6.818e-01 3.028e-01 1.737e-03 2.538e-03 5.927e-03 -1.000 1.543e-02 -4.253 -3.862 -3.089 -4.721
0.0152 0.01508 7.87506 5.9919848442 2.6182326453    5.992  3.650  3.6039  0.933    7  0.000  0.391    35.85    24.92    17.30    12.70    10.47  4 -3.01e-09      0.00 6.818e-01 3.028e-01 1.737e-03 2.538e-03 5.927e-03 -1.000 1.543e-02 -4.354 -3.937 -3.146 -4.808
0.0152 0.01508 7.87506 5.9923920631 2.6182340328    5.993  3.688  3.6004  0.881    7  0.000  0.391    40.19    27.40    18.94    13.92    11.48  4 -3.55e-09      0.00 6.818e-01 3.028e-01 1.737e-03 2.538e-03 5.927e-03 -1.000 1.543e-02 -4.451 -4.010 -3.200 -4.892
0.0152 0.01508 7.87506 5.9928956032 2.6182357481    5.993  3.727  3.5969  0.828    7  0.000  0.391    45.06    30.13    20.74    15.26    12.59  4 -4.27e-09      0.00 6.818e-01 3.028e-01 1.737e-03 2.538e-03 5.927e-03 -1.000 1.543e-02 -4.547 -4.079 -3.248 -4.973
0.0152 0.01508 7.87506 5.9935069084 2.6182378300    5.994  3.765  3.5934  0.776    7  0.000  0.390    50.57    33.15    22.72    16.75    13.81  4 -5.16e-09      0.00 6.818e-01 3.028e-01 1.737e-03 2.538e-03 5.927e-03 -1.000 1.543e-02 -4.644 -4.147 -3.295 -5.054
0.0152 0.01508 7.87506 5.9942259789 2.6182402784    5.994  3.805  3.5897  0.722    7  0.000  0.390    56.82    36.52    24.92    18.39    15.17  4 -7.51e-09      0.00 6.818e-01 3.028e-01 1.736e-03 2.539e-03 5.927e-03 -1.000 1.543e-02 -4.741 -4.215 -3.341 -5.135
0.0152 0.01508 7.87506 5.9950447083 2.6182430652    5.995  3.844  3.5861  0.669    7  0.000  0.389    63.87    40.24    27.34    20.20    16.67  4 -1.13e-08      0.00 6.818e-01 3.028e-01 1.729e-03 2.544e-03 5.927e-03 -1.000 1.537e-02 -4.839 -4.279 -3.378 -5.214
0.0152 0.01508 7.87506 5.9959592819 2.6182461773    5.995  3.883  3.5824  0.614    7  0.000  0.387    71.89    44.38    30.02    22.22    18.34  4 -1.67e-08      0.00 6.818e-01 3.028e-01 1.719e-03 2.556e-03 5.927e-03 -1.000 1.537e-02 -4.938 -4.343 -3.415 -5.293
0.0152 0.01508 7.87506 5.9969525337 2.6182495559    5.996  3.923  3.5785  0.559    7  0.000  0.384    81.07    49.04    33.02    24.48    20.21  4 -2.54e-08      0.00 6.818e-01 3.028e-01 1.710e-03 2.568e-03 5.927e-03 -1.000 1.537e-02 -5.037 -4.404 -3.444 -5.371
0.0152 0.01508 7.87506 5.9979376793 2.6182529056    5.996  3.963  3.5745  0.502    7  0.000  0.383    91.77    54.34    36.42    27.04    22.33  4 -3.83e-08      0.00 6.818e-01 3.028e-01 1.702e-03 2.577e-03 5.926e-03 -1.000 1.537e-02 -5.139 -4.460 -3.461 -5.447
0.0152 0.01508 7.87506 5.9988007545 2.6182558392    5.996  4.004  3.5703  0.445    7  0.000  0.381   104.05    60.31    40.23    29.91    24.71  4 -5.83e-08      0.00 6.818e-01 3.028e-01 1.696e-03 2.586e-03 5.926e-03 -1.000 1.537e-02 -5.240 -4.514 -3.471 -5.522
0.0152 0.01508 7.87506 5.9995307922 2.6182583198    5.995  4.043  3.5662  0.389    7  0.000  0.380   117.45    66.68    44.28    32.97    27.25  3 -8.71e-08      0.00 6.818e-01 3.028e-01 1.691e-03 2.594e-03 5.924e-03 -1.000 1.537e-02 -5.339 -4.557 -3.460 -5.589
0.0152 0.01508 7.87506 6.0000000000 2.6182599138    5.994  4.071  3.5633  0.350    7  0.000  0.380   127.94    71.59    47.39    35.32    29.19  3 -1.15e-07      0.00 6.818e-01 3.029e-01 1.687e-03 2.601e-03 5.920e-03 -1.000 1.537e-02 -5.407 -4.587 -3.449 -5.635
0.0152 0.01508 7.87506 6.0002727509 2.6182608403    5.993  4.087  3.5615  0.326    7  0.000  0.379   134.63    74.68    49.34    36.80    30.42  3 -1.26e-07      0.00 6.818e-01 3.029e-01 1.685e-03 2.605e-03 5.917e-03 -1.000 1.537e-02 -5.448 -4.604 -3.443 -5.663
0.0152 0.01508 7.87506 6.0008597374 2.6182628338    5.991  4.125  3.5574  0.272    7  0.000  0.379   151.43    82.33    54.15    40.45    33.44  3 -1.59e-07      0.00 6.815e-01 3.031e-01 1.680e-03 2.622e-03 5.905e-03 -1.000 1.542e-02 -5.542 -4.636 -3.408 -5.720
0.0152 0.01508 7.87506 6.0014944077 2.6182649887    5.988  4.164  3.5532  0.216    7  0.000  0.379   171.27    91.18    59.70    44.66    36.93  3 -2.01e-07      0.00 6.797e-01 3.050e-01 1.673e-03 2.657e-03 5.877e-03 -1.000 1.537e-02 -5.640 -4.664 -3.359 -5.777
0.0152 0.01508 7.87506 6.0019702911 2.6182666042    5.983  4.197  3.5487  0.165    7  0.000  0.380   191.41    99.99    65.20    48.84    40.40  3 -2.48e-07      0.00 6.491e-01 3.355e-01 1.600e-03 2.977e-03 5.616e-03 -1.000 1.537e-02 -5.722 -4.670 -3.277 -5.813
0.0152 0.01508 7.87506 6.0021853447 2.6182673341    5.981  4.233  3.5434  0.108    7  0.000  0.380   216.81   110.88    71.96    53.99    44.67  3  -3.4e-07      0.00 6.279e-01 3.567e-01 1.551e-03 3.195e-03 5.438e-03 -1.000 1.533e-02 -5.812 -4.661 -3.147 -5.839
0.0152 0.01508 7.87506 6.0023670197 2.6182679507    5.977  4.273  3.5380  0.045    7  0.000  0.380   248.45   124.15    80.17    60.25    49.86  3 -4.91e-07      0.00 6.165e-01 3.682e-01 1.525e-03 3.309e-03 5.345e-03 -1.000 1.531e-02 -5.914 -4.650 -3.002 -5.867
0.0152 0.01508 7.87506 6.0025248528 2.6182684863    5.972  4.314  3.5327 -0.017    7  0.000  0.380   284.11   138.77    89.16    67.12    55.56  3 -7.15e-07      0.01 6.114e-01 3.733e-01 1.513e-03 3.360e-03 5.304e-03 -1.000 1.530e-02 -6.014 -4.628 -2.833 -5.882
0.0152 0.01508 7.87506 6.0026688576 2.6182689750    5.965  4.354  3.5274 -0.078    7  0.000  0.380   324.81   155.09    99.14    74.76    61.90  2 -1.04e-06      0.01 6.082e-01 3.765e-01 1.506e-03 3.393e-03 5.277e-03 -1.000 1.537e-02 -6.114 -4.589 -2.633 -5.880
0.0152 0.01508 7.87506 6.0028057098 2.6182694394    5.955  4.394  3.5220 -0.141    7  0.000  0.381   365.87   173.55   110.38    83.38    69.06  2 -1.54e-06      0.02 6.060e-01 3.787e-01 1.502e-03 3.416e-03 5.258e-03 -1.000 1.533e-02 -6.214 -4.523 -2.388 -5.852
0.0152 0.01508 7.87506 6.0029525757 2.6182699377    5.937  4.436  3.5160 -0.208    7  0.000  0.381   404.00   195.93   123.93    93.79    77.70  2 -2.32e-06      0.04 6.042e-01 3.805e-01 1.497e-03 3.433e-03 5.244e-03 -1.000 1.533e-02 -6.320 -4.403 -2.046 -5.775
0.0152 0.01508 7.87506 6.0030794144 2.6182703681    5.913  4.471  3.5110 -0.265    7  0.000  0.381   438.62   216.69   136.42   103.42    85.70  0 -3.24e-06      0.07 6.032e-01 3.814e-01 1.495e-03 3.443e-03 5.236e-03 -1.000 1.534e-02 -6.406 -4.262 -1.689 -5.673
0.0152 0.01508 7.87506 6.0032391548 2.6182709101    5.868  4.505  3.5056 -0.325    7  0.000  0.381   478.23   240.95   150.95   114.64    95.01  0 -4.54e-06      0.12 6.026e-01 3.821e-01 1.494e-03 3.450e-03 5.230e-03 -1.000 1.534e-02 -6.493 -4.083 -1.293 -5.535
0.0152 0.01508 7.87506 6.0034098625 2.6182714892    5.812  4.445  3.5130 -0.238    7  0.000  0.381   420.14   205.73   129.77    98.36    81.49  0 -2.36e-06      0.04 6.023e-01 3.825e-01 1.493e-03 3.453e-03 5.228e-03 -1.000 1.527e-02 -6.342 -4.319 -1.852 -5.710
0.0152 0.01508 7.87506 6.0034265518 2.6182715458    5.809  4.394  3.5197 -0.161    7  0.000  0.381   374.82   178.90   113.56    85.90    71.13  2 -1.39e-06      0.02 6.023e-01 3.825e-01 1.493e-03 3.453e-03 5.228e-03 -1.000 1.527e-02 -6.215 -4.469 -2.267 -5.810
0.0152 0.01508 7.87506 6.0034360886 2.6182715782    5.808  4.373  3.5225 -0.129    7  0.000  0.381   357.42   168.78   107.42    81.19    67.22  2 -1.12e-06      0.01 6.023e-01 3.825e-01 1.493e-03 3.453e-03 5.228e-03 -1.000 1.527e-02 -6.163 -4.502 -2.395 -5.825
0.0152 0.01508 7.87506 6.0034499168 2.6182716251    5.807  4.369  3.5230 -0.123    7  0.000  0.381   353.66   167.02   106.35    80.36    66.54  2 -1.07e-06      0.01 6.023e-01 3.825e-01 1.493e-03 3.453e-03 5.228e-03 -1.000 1.527e-02 -6.153 -4.507 -2.416 -5.827
0.0152 0.01508 7.87506 6.0034632683 2.6182716704    5.806  4.397  3.5193 -0.166    7  0.000  0.381   377.36   180.38   114.46    86.59    71.71  2 -1.42e-06      0.02 6.023e-01 3.825e-01 1.493e-03 3.453e-03 5.228e-03 -1.000 1.527e-02 -6.222 -4.462 -2.246 -5.806
0.0152 0.01508 7.87506 6.0034847260 2.6182717432    5.803  4.422  3.5159 -0.205    7  0.000  0.381   399.69   193.55   122.42    92.71    76.79  2 -1.83e-06      0.03 6.023e-01 3.825e-01 1.493e-03 3.453e-03 5.228e-03 -1.000 1.527e-02 -6.285 -4.386 -2.038 -5.755
0.0152 0.01508 7.87506 6.0035533905 2.6182719761    5.791  4.454  3.5114 -0.256    7  0.000  0.380   430.89   212.23   133.68   101.38    83.99  0 -2.52e-06      0.05 6.022e-01 3.825e-01 1.490e-03 3.454e-03 5.228e-03 -1.000 1.527e-02 -6.366 -4.282 -1.752 -5.684
0.0152 0.01508 7.87506 6.0035839081 2.6182720796    5.784  4.478  3.5082 -0.292    7  0.000  0.377   454.50   226.57   142.29   108.02    89.50  0 -3.18e-06      0.07 6.022e-01 3.825e-01 1.478e-03 3.458e-03 5.228e-03 -1.000 1.527e-02 -6.424 -4.188 -1.527 -5.614
0.0152 0.01508 7.87506 6.0035877228 2.6182720926    5.783  4.481  3.5077 -0.298    7  0.000  0.375   458.17   228.81   143.63   109.06    90.36  0 -3.29e-06      0.08 6.022e-01 3.825e-01 1.470e-03 3.461e-03 5.227e-03 -1.000 1.531e-02 -6.433 -4.174 -1.494 -5.603
0.0152 0.01508 7.87506 6.0035901070 2.6182721007    5.783  4.480  3.5079 -0.296    7  0.000  0.373   456.75   227.95   143.11   108.66    90.03  0 -3.23e-06      0.07 6.022e-01 3.825e-01 1.464e-03 3.463e-03 5.227e-03 -1.000 1.531e-02 -6.429 -4.179 -1.507 -5.608
0.0152 0.01508 7.87506 6.0035929680 2.6182721104    5.782  4.485  3.5071 -0.305    7  0.000  0.371   462.71   231.59   145.30   110.34    91.43  0 -3.44e-06      0.08 6.022e-01 3.825e-01 1.456e-03 3.466e-03 5.227e-03 -1.000 1.531e-02 -6.443 -4.155 -1.452 -5.589
0.0152 0.01508 7.87506 6.0035982132 2.6182721282    5.780  4.501  3.5049 -0.330    7  0.000  0.364   480.38   242.48   151.81   115.37    95.61  0 -4.06e-06      0.10 6.022e-01 3.825e-01 1.426e-03 3.477e-03 5.226e-03 -1.000 1.534e-02 -6.484 -4.086 -1.296 -5.536
0.0152 0.01508 7.87506 6.0036091805 2.6182721654    5.776  4.536  3.4998 -0.385    7  0.000  0.334   520.97   267.83   166.93   127.05   105.31  0 -5.82e-06      0.17 6.021e-01 3.825e-01 1.306e-03 3.546e-03 5.225e-03 -1.000 1.537e-02 -6.570 -3.878 -0.864 -5.371
0.0152 0.01508 7.87506 6.0036358833 2.6182722559    5.758  4.568  3.4951 -0.437    7  0.000  0.221   561.88   293.87   182.39   139.02   115.26  0 -8.12e-06      0.18 6.021e-01 3.825e-01 8.653e-04 4.011e-03 5.216e-03 -1.000 1.541e-02 -6.649 -3.801 -0.694 -5.312
#isochrone terminated
